0.0265895	-0.755168	0.576026	-0.312913	0	-50.0032	19.806
0.235703	-0.787626	0.313646	-0.530351	0	-50.1493	18.8433
0.0214316	-0.751713	0.327286	-0.572549	0	-50.0947	18.8159
0.0425446	-0.749724	0.294972	-0.592373	0	-50.1564	18.8531
0.00498289	-0.795058	-0.202835	-0.571612	0	-50.1825	18.8552
0.00736823	-0.629096	0.631437	-0.453349	0	-49.9799	18.8714
0.373066	-0.812059	0.282292	-0.510757	0	-50.1793	18.8848
0.082702	-0.726112	0.160869	-0.668493	0	-48.31	17.7008
0.669148	-0.773789	0.272501	-0.571835	0	-48.3183	17.7068
0.0423279	-0.677177	0.236183	-0.696885	0	-48.3152	17.7021
0.0502858	-0.811264	0.372936	-0.450299	0	-48.3309	17.7123
0.0073859	-0.777992	0.445552	-0.442959	0	-48.3303	17.7345
0.013888	-0.368894	0.0462637	-0.928319	0	-45.6884	17.7341
0.0180029	-0.354465	-0.395468	-0.847325	0	-45.6863	17.7274
0.0136538	-0.93237	0.0409063	-0.359184	0	-47.8272	18.5389
0.0314503	-0.750367	0.239335	-0.616172	0	-51.638	19.8333
0.0035312	-0.599949	-0.0326055	-0.799374	0	-52.3637	21.5785
0.145035	-0.790624	0.31177	-0.526985	0	-50.5733	19.5842
0.0286105	-0.800541	0.306772	-0.514805	0	-50.5746	19.5852
0.0294083	-0.724356	0.370962	-0.581116	0	-50.5668	19.6043
0.0578756	-0.529947	0.443242	-0.722974	0	-51.5298	20.3966
0.0616269	-0.793687	0.366711	-0.48537	0	-50.6586	18.6988
3.36079	-0.811611	0.305059	-0.498224	0	-50.6533	18.6622
1.36958	-0.813922	0.296054	-0.499883	0	-50.6526	18.662
0.542054	-0.84885	0.286002	-0.444585	0	-49.9383	19.2916
0.0144754	0.169232	0.388146	-0.905927	0	-50.0605	19.0088
0.0289352	-0.624327	0.196774	-0.755974	0	-46.2667	17.2197
0.0250262	-0.477604	0.64183	-0.599957	0	-46.2799	17.2242
0.171455	-0.490976	0.0066322	-0.871148	1	-19.6352	-1.68122
0.134399	-0.580924	-0.0181942	-0.813754	1	-19.9947	-1.40867
0.0193712	-0.62057	0.0500687	-0.782551	1	-19.9173	-1.42076
0.0523561	-0.544094	-0.0827203	-0.834936	1	-20.0034	-1.40761
0.0228538	-0.575526	0.211157	-0.790052	1	-20.012	-1.39926
0.00638536	-0.618273	-0.253756	-0.743872	1	-19.7615	-1.3747
0.0431785	-0.552215	-0.116555	-0.825514	1	-20.0512	-1.29186
0.0144216	-0.0633482	0.454497	-0.888493	1	-18.4507	-0.788957
0.0121996	-0.100886	-0.582517	-0.806533	1	-19.9903	-1.56323
0.00989969	-0.742413	-0.550406	-0.381937	1	-20.0573	-1.5985
0.00353499	-0.248896	0.0942446	-0.963934	1	-19.8594	-1.37019
0.00688131	-0.399244	-0.211925	-0.892016	1	-20.6889	-0.785691
0.0446033	-0.587208	0.00683906	-0.809407	1	-20.0738	-1.30678
0.0076306	-0.3125	0.209514	-0.926524	1	-19.8311	-1.90665
0.0240084	-0.725893	-0.17308	-0.665675	1	-20.3225	-1.50208
0.112444	-0.531541	-0.0866255	-0.842591	1	-20.2875	-1.47801
0.0865979	-0.57134	-0.0856891	-0.816228	1	-20.2879	-1.4784
0.0316911	-0.528024	-0.190712	-0.827538	1	-20.143	-1.7453
0.0339695	-0.651932	-0.0140929	-0.758146	1	-20.1483	-1.74425
0.270585	-0.572237	-0.0620683	-0.817736	1	-20.1496	-1.76558
0.045614	-0.501044	-0.0572385	-0.863527	1	-20.1506	-1.76626
0.0407607	-0.454465	0.292414	-0.841401	1	-20.1103	-1.13194
0.0477138	-0.538574	0.118584	-0.834192	1	-20.0525	-1.48031
0.0100112	-0.485756	-0.350315	-0.800825	1	-20.0377	-1.52237
0.126604	-0.550626	0.0316221	-0.834153	1	-20.049	-1.55295
0.0472464	0.0609851	-0.45022	-0.890833	1	-20	-1.47655
0.0130637	-0.551303	-0.0464102	-0.833013	1	-19.7697	-1.3362
0.0425486	-0.579571	-0.110366	-0.807414	1	-19.7443	-1.32174
0.0995199	-0.542689	-0.035753	-0.839173	1	-20.0169	-1.40488
0.0242306	-0.529346	0.16882	-0.83144	1	-20.0123	-1.40492
0.00843673	-0.223001	0.0219287	-0.974572	1	-20.0449	-1.45105
0.0110886	-0.259768	-0.0517294	-0.964285	1	-20.0575	-1.45192
0.116952	-0.535925	0.0227314	-0.843959	1	-20.0257	-1.42797
0.0191407	-0.125818	0.262545	-0.956682	1	-19.9327	-1.31547
0.113445	-0.559495	-0.00325692	-0.828828	1	-20.0511	-1.42916
0.0308371	-0.692036	0.179747	-0.699126	1	-20.0509	-1.41856
0.0437759	-0.484628	-0.0604303	-0.872631	1	-20.0236	-1.46366
0.0501952	-0.501238	-0.052486	-0.863716	1	-20.0234	-1.46313
0.0217528	-0.892224	-0.201054	-0.404368	1	-20.0966	-1.45797
0.078257	-0.514312	-0.0273115	-0.857168	1	-20.0297	-1.44167
0.0199756	-0.53547	-0.0845038	-0.840316	1	-20.0305	-1.44177
0.0627103	-0.592313	0.00655118	-0.805681	1	-20.1065	-1.41658
0.107704	-0.586119	-0.0354478	-0.809449	1	-20.1065	-1.41688
0.0168542	-0.472536	-0.0868906	-0.877018	1	-20.0744	-1.41851
0.175021	-0.534685	0.0269728	-0.844621	1	-20.0606	-1.37977
0.00546983	0.0338089	-0.544771	-0.837903	1	-20.1539	-1.91681
0.116003	-0.522369	-0.00815268	-0.852681	1	-19.9754	-1.43585
0.0403194	-0.49888	0.094682	-0.861483	1	-19.9746	-1.43434
0.0360452	-0.413403	-0.532945	-0.738287	1	-20.0273	-1.49366
0.0150961	-0.261752	0.354003	-0.897868	1	-19.9873	-1.44743
0.499692	-0.497001	-0.00171497	-0.867748	1	-19.4662	-1.01115
0.024307	-0.710874	-0.281386	-0.644577	1	-20.067	-1.47445
0.0437677	-0.392008	-0.184765	-0.901217	1	-19.9329	-1.4962
0.0463467	-0.484186	-0.220642	-0.846688	1	-19.9441	-1.50547
0.02398	-0.291989	0.0928336	-0.951906	1	-19.9763	-1.4644
0.0719557	-0.558911	-0.0905897	-0.824264	1	-20.0378	-1.45602
0.0268664	-0.785629	-0.11759	-0.607421	1	-20.0567	-1.45635
0.165245	-0.576481	-0.0248088	-0.816734	1	-20.0226	-1.46776
0.0113262	-0.306566	-0.233492	-0.922767	1	-20.0048	-1.41593
0.0109107	-0.525528	-0.379049	-0.761671	1	-20.0581	-1.3682
0.00521137	-0.375847	-0.15959	-0.912836	1	-19.9246	-1.58344
0.0259744	-0.255487	0.0379919	-0.966066	1	-20.452	-1.0784
0.00572111	-0.597865	0.119581	-0.792627	1	-20.5398	-1.20536
0.0897624	-0.301307	-0.635457	-0.710921	1	-19.5195	-3.01765
0.132116	-0.30661	-0.533565	-0.788225	1	-19.5186	-3.00947
0.343619	-0.560534	0.0460812	-0.826849	1	-19.5848	-1.26226
0.0112022	0.217468	0.0567252	-0.974418	1	-19.5489	-1.26255
0.00895825	-0.614668	0.0850732	-0.784185	1	-19.4781	-1.177
0.857481	-0.424564	-0.272259	-0.863493	1	-19.7128	-1.89206
0.0466548	-0.534469	-0.160882	-0.829735	1	-19.8436	-1.53191
0.0916567	-0.378713	-0.0328412	-0.924931	1	-19.8367	-1.52501
0.00688525	0.498613	0.150132	-0.853724	1	-19.3561	-1.46575
0.0615588	-0.313312	-0.178276	-0.932766	1	-19.4045	-1.49989
0.0408938	-0.278236	-0.119932	-0.952996	1	-19.4008	-1.50235
0.0130415	-0.279882	-0.122704	-0.95216	1	-19.4015	-1.49196
0.00454552	-0.138243	0.0792301	-0.987224	1	-17.428	-2.80677
0.0138916	-0.313378	0.308127	-0.898249	1	-20.1411	-1.37436
0.0710173	-0.520755	-0.0278627	-0.853251	1	-20.1386	-1.39886
0.0059983	-0.33682	-0.0203716	-0.941349	1	-19.9418	-1.32473
0.0738284	-0.565488	-0.0427698	-0.823647	1	-20.076	-1.49216
0.0401719	-0.517453	-0.137586	-0.844578	1	-20.0758	-1.49229
0.0916511	-0.553588	-0.0401654	-0.831821	1	-20.0376	-1.51299
0.0412506	-0.242731	-0.196614	-0.94996	1	-20.027	-1.51909
0.012128	-0.231882	0.115521	-0.96586	1	-20.1019	-1.47497
0.00592744	-0.725669	-0.589605	-0.354641	1	-20.0603	-1.53326
0.00802129	-0.467162	0.0273407	-0.883749	1	-20.0477	-1.45114
0.0182559	-0.44893	-0.0187139	-0.893371	1	-20.0136	-1.41297
0.150221	-0.525671	-0.0762372	-0.847265	1	-19.9845	-1.43914
0.0201556	-0.563856	-0.0260363	-0.825463	1	-19.9848	-1.44121
0.00744239	-0.105188	-0.136013	-0.985107	1	-20.1975	-1.63367
0.10482	-0.371873	-0.0913035	-0.923782	1	-19.731	-1.42471
0.00569454	-0.222832	-0.655271	-0.721779	1	-19.6347	-1.4451
0.0555281	-0.314688	-0.129026	-0.940385	1	-19.711	-1.42503
0.0349494	-0.461221	-0.48392	-0.743705	1	-19.7242	-1.57952
0.0147975	-0.586429	-0.115545	-0.801717	1	-19.7455	-1.53215
0.0390071	-0.0883449	0.0378	-0.995372	1	-19.7276	-1.52991
0.0139606	-0.263093	-0.28549	-0.921563	1	-19.7272	-1.53723
0.0139276	-0.710183	-0.116295	-0.694346	1	-19.7549	-1.50888
0.0977078	-0.594245	-0.148014	-0.790547	1	-20.5237	-1.84824
0.0994914	-0.617123	-0.135704	-0.775076	1	-20.5209	-1.84561
0.00510154	-0.34915	0.36928	-0.861235	1	-19.9971	-1.47292
0.0309335	-0.467229	-0.00746707	-0.884105	1	-19.9968	-1.47431
0.0336521	-0.603042	0.182694	-0.776507	1	-20.0054	-1.49015
0.0366896	-0.513282	-0.0379804	-0.857379	1	-20.0667	-1.40203
0.00337918	-0.506496	0.282879	-0.814519	1	-20.0642	-1.39904
0.0170582	-0.606703	-0.199853	-0.769396	1	-20.0231	-1.49977
0.0210528	-0.4778	-0.0611225	-0.87634	1	-19.9383	-1.49532
0.0387945	-0.21039	0.0894396	-0.973518	1	-19.9222	-1.48565
0.00514685	-0.607676	0.0388847	-0.793233	1	-20.0301	-1.49122
0.0662454	-0.560608	-0.0428256	-0.826973	1	-20.0298	-1.49196
0.158164	-0.456417	-0.141103	-0.878507	1	-20.0117	-1.50513
0.0134628	-0.510924	-0.0653739	-0.857137	1	-20.0133	-1.4931
0.00784907	-0.0905877	0.148822	-0.984706	1	-19.9872	-1.48301
0.020419	-0.461759	-0.0598947	-0.884981	1	-20.0383	-1.48777
0.166105	-0.485237	0.0118719	-0.874302	1	-20.0185	-1.47731
0.143779	-0.472567	-0.0806274	-0.877599	1	-20.0028	-1.48225
0.681904	-0.544535	-0.0680093	-0.835976	1	-20.0127	-1.4836
0.00554237	-0.70064	0.126489	-0.702214	1	-20.0147	-1.46574
0.00372753	-0.673134	-0.454928	-0.583037	1	-20.0197	-1.49155
0.00897927	-0.297423	-0.350093	-0.888242	1	-19.953	-1.46648
0.00950965	-0.861364	-0.102056	-0.497632	1	-20.0486	-1.52601
0.125535	-0.476827	-0.0631709	-0.876724	1	-19.9323	-1.49736
0.0572342	-0.386243	-0.0381445	-0.921608	1	-19.9468	-1.47991
0.012126	-0.0263684	0.439565	-0.897823	1	-19.9865	-1.50185
0.00741838	-0.474547	-0.109828	-0.873351	1	-20.0103	-1.4375
0.034096	-0.549195	-0.0991762	-0.829789	1	-20.0243	-1.47641
0.0477616	-0.411439	-0.0224738	-0.91116	1	-20.0129	-1.47099
0.0567329	-0.692544	-0.0914772	-0.715552	1	-20.0844	-1.46665
0.00622946	-0.486327	0.773286	-0.406835	1	-19.8509	-1.42188
0.176007	-0.494325	-0.0769072	-0.865868	1	-20.0135	-1.4763
0.0484091	-0.4624	-0.0809313	-0.88297	1	-20.0091	-1.47681
0.00408739	0.537985	0.220404	-0.813631	1	-19.9949	-1.47553
0.0351754	-0.152729	-0.0101477	-0.988216	1	-19.912	-1.46829
0.0131773	-0.524799	0.215989	-0.823368	1	-20.0045	-1.47499
0.028414	-0.237055	-0.0975362	-0.966588	1	-19.9799	-1.50888
0.173052	-0.597278	-0.0187774	-0.801814	1	-20.0428	-1.49184
0.187564	-0.568422	-0.070321	-0.819726	1	-20.0272	-1.49138
0.437748	-0.527401	-0.0511868	-0.848073	1	-20.0218	-1.49029
0.0109585	-0.578802	-0.304998	-0.756283	1	-20.0176	-1.45831
0.0823625	-0.61376	-0.00363397	-0.789484	1	-20.0267	-1.46128
0.00304347	0.0132047	-0.161041	-0.986859	1	-20.0247	-1.31393
0.00516201	-0.876249	0.0263465	-0.481137	1	-20.2417	-1.35813
0.0794621	-0.593921	-0.0615394	-0.802166	1	-20.0447	-1.47292
0.535053	-0.539136	-0.0433015	-0.841105	1	-20.0445	-1.47242
0.0452646	-0.73796	-0.0136344	-0.674707	1	-20.0805	-1.46386
0.00375612	-0.0617356	-0.22016	-0.973508	1	-19.6827	-1.52217
0.0202075	-0.516778	-0.0386698	-0.855246	1	-19.6863	-1.52098
0.00837931	-0.648271	0.229737	-0.725924	1	-19.8439	-1.50316
0.47951	-0.517296	-0.0709077	-0.852864	1	-19.8876	-1.52196
0.0402737	-0.478008	-0.0791796	-0.87478	1	-19.8875	-1.52195
0.0200435	-0.478648	-0.0417237	-0.877015	1	-20.0551	-1.66152
0.0860712	-0.53357	-0.177593	-0.8269	1	-20.0561	-1.66688
0.00418246	-0.833424	0.232097	-0.501534	1	-20.141	-1.53695
0.00659808	-0.710272	-0.243938	-0.660309	1	-20.0293	-1.56497
0.0318926	-0.604273	-0.140388	-0.784312	1	-19.8958	-1.31987
0.0866788	-0.536486	0.031687	-0.843314	1	-19.9771	-1.30861
0.0789554	-0.494048	0.0100793	-0.869376	1	-19.9968	-1.26865
0.00876116	-0.602672	0.00702765	-0.797958	1	-19.9609	-1.33514
0.0576853	-0.510235	-0.0197555	-0.859808	1	-19.9607	-1.33543
0.0462583	-0.502217	0.0370325	-0.863949	1	-19.6588	-1.56843
0.00737602	-0.766808	0.43633	-0.470767	1	-19.8522	-1.38243
0.0221136	-0.673804	-0.00777592	-0.738869	1	-20.1276	-1.28127
0.022822	-0.55213	-0.0151884	-0.83362	1	-20.1321	-1.28303
0.0463186	-0.548791	-0.0460432	-0.834691	1	-20.0963	-1.29304
0.0160848	-0.492493	0.156655	-0.856102	1	-20.045	-1.30924
0.037845	-0.456211	0.272753	-0.84704	1	-20.1988	-1.22314
0.0326121	-0.549426	0.310288	-0.775792	1	-20.0231	-1.41406
0.201895	-0.584073	-0.0154695	-0.811554	1	-20.0713	-1.42508
0.118592	-0.590127	-0.0254437	-0.806909	1	-20.0704	-1.42447
0.564481	-0.487476	-0.0443803	-0.872008	1	-19.9164	-1.46446
0.1536	-0.518941	-0.0658062	-0.852273	1	-19.917	-1.46381
0.0517515	-0.693057	-0.0794679	-0.716489	1	-20.106	-1.37823
0.0355155	-0.213934	-0.0673494	-0.974524	1	-20.1095	-1.41505
0.00553366	-0.284673	0.0807558	-0.955217	1	-20.1204	-1.41765
0.541286	-0.543106	0.0340861	-0.838972	1	-20.1149	-1.38972
0.0924699	-0.635844	0.0569973	-0.76971	1	-20.1357	-1.39644
0.00755161	-0.440691	-0.0311021	-0.89712	1	-20.1317	-1.39589
0.00659672	-0.605096	0.0448194	-0.79489	1	-20.105	-1.39836
0.0722209	-0.497059	0.00108609	-0.867716	1	-20.1064	-1.39323
0.155734	-0.53607	0.0326558	-0.843541	1	-20.1086	-1.39501
0.0483719	-0.67539	-0.0641918	-0.734662	1	-20.1247	-1.41256
0.0579066	-0.647007	-0.0107442	-0.762409	1	-20.1225	-1.39748
0.0109135	-0.353007	-0.299855	-0.886269	1	-20.0679	-1.38273
0.00319312	-0.605126	-0.335006	-0.722215	1	-20.1322	-1.40423
0.115231	-0.573135	-0.0128067	-0.819361	1	-20.1073	-1.39517
0.155061	-0.531841	0.0252889	-0.846467	1	-20.1041	-1.39518
0.224834	-0.462611	0.00250744	-0.886558	1	-20.0581	-1.40699
0.00406649	-0.312222	0.0750304	-0.947042	1	-20.0457	-1.40652
0.0100248	-0.735296	0.530765	-0.42146	1	-19.5319	-0.808331
0.106557	-0.417091	-0.101151	-0.903219	1	-19.6173	-1.45205
0.344611	-0.485662	0.108778	-0.867352	1	-19.9702	-1.1122
0.051527	-0.50235	0.0900179	-0.859966	1	-19.9503	-1.36856
0.0294017	-0.437317	-0.20247	-0.876219	1	-20.0177	-1.40533
0.00713627	-0.136344	0.0250933	-0.990344	1	-20.0098	-1.39575
0.420867	-0.55473	0.0068651	-0.832002	1	-19.9786	-1.41732
0.0732404	-0.62667	0.0533453	-0.777457	1	-20.0913	-1.3267
0.015411	-0.650813	0.317523	-0.689653	1	-20.0835	-1.31664
0.252121	-0.517667	-0.0295918	-0.85507	1	-19.9623	-1.43619
0.01791	-0.490074	-0.0817004	-0.867844	1	-19.962	-1.43602
0.141851	-0.518247	-0.0887565	-0.850613	1	-19.9832	-1.42839
0.011369	-0.862354	-0.232498	-0.449768	1	-21.0487	-2.1828
0.0218872	-0.680235	0.220733	-0.698969	1	-20.846	-1.47427
0.07352	-0.801148	0.0311471	-0.597656	1	-20.8559	-1.47846
0.018023	-0.786219	-0.292679	-0.544242	1	-20.8093	-1.47233
0.00514001	-0.686109	0.00966493	-0.727435	1	-21.0012	-1.09479
0.415053	-0.533754	-0.057641	-0.843673	1	-20.0531	-1.44951
1.79729	-0.548383	-0.0404083	-0.83525	1	-20.0539	-1.44789
1.55912	-0.550708	-0.0385342	-0.833808	1	-20.0539	-1.44824
0.00657318	-0.486628	-0.181478	-0.854552	1	-20.0547	-1.46359
0.0576035	-0.492792	-0.154477	-0.856325	1	-20.0536	-1.45608
0.0329997	-0.548881	-0.266295	-0.792348	1	-20.0687	-1.47802
0.0513072	-0.645637	0.0940457	-0.757831	1	-20.0715	-1.42358
0.155475	-0.413708	0.016059	-0.910268	1	-20.0295	-1.43626
0.0346007	-0.430688	-0.0412264	-0.901559	1	-20.0456	-1.43998
0.117954	-0.549026	0.0323658	-0.835178	1	-20.0491	-1.44048
0.0108461	-0.450568	0.0712751	-0.889892	1	-20.0519	-1.45194
0.00449942	0.0503521	-0.0917309	-0.99451	1	-20.0487	-1.4514
0.0613505	-0.501864	-0.125941	-0.855728	1	-20.0515	-1.45223
0.291396	-0.532925	-0.064653	-0.843689	1	-20.0513	-1.44923
0.0658446	-0.553098	-0.0320991	-0.832497	1	-20.0515	-1.44914
0.0575907	-0.531119	-0.0309478	-0.846732	1	-20.051	-1.44736
0.0447946	-0.414219	-0.356413	-0.837492	1	-20.0436	-1.46642
0.0637169	-0.398748	0.0932444	-0.912308	1	-20.0469	-1.42517
0.0873762	-0.617314	-0.152191	-0.771856	1	-20.0617	-1.45856
0.071958	-0.503785	-0.0478417	-0.862503	1	-20.0464	-1.44539
0.0551992	-0.633364	-0.076986	-0.770015	1	-20.056	-1.45134
0.00300252	-0.35104	-0.132732	-0.926905	1	-20.0245	-1.44909
0.026993	-0.468538	-0.103084	-0.877408	1	-20.0434	-1.47073
0.0102312	-0.438726	0.027069	-0.898213	1	-20.0514	-1.481
0.27001	-0.416582	-0.0674879	-0.90659	1	-19.8485	-1.48989
0.183198	-0.436198	-0.131295	-0.89022	1	-19.8483	-1.4923
0.0418374	-0.256725	-0.110708	-0.960123	1	-19.8435	-1.49319
0.10648	-0.382872	-0.0705654	-0.921102	1	-19.8483	-1.48935
0.0277896	-0.323075	-0.175289	-0.929998	1	-19.8486	-1.49512
0.191657	-0.475838	-0.268128	-0.837667	1	-19.929	-1.57137
0.015386	-0.453159	-0.133629	-0.881357	1	-19.9285	-1.5571
0.149593	-0.439734	-0.106455	-0.891797	1	-19.9122	-1.5496
0.0708777	-0.403379	-0.145476	-0.903395	1	-19.9298	-1.53939
0.0441708	-0.771025	0.0451745	-0.6352	1	-20.1442	-1.4828
0.127773	-0.652813	-0.091308	-0.751996	1	-20.1018	-1.50671
0.00470722	-0.365235	0.233348	-0.901195	1	-19.977	-1.47215
0.0138414	-0.236758	-0.0757196	-0.968614	1	-20.0472	-1.47319
0.150193	-0.599255	-0.109025	-0.7931	1	-20.0441	-1.46681
0.0932658	-0.549789	-0.143619	-0.822864	1	-20.0543	-1.46087
0.981494	-0.520552	-0.0619975	-0.851576	1	-20.0331	-1.46959
0.0114605	-0.579242	-0.140456	-0.802964	1	-20.0334	-1.46957
0.00660967	-0.283959	-0.0751062	-0.95589	1	-20.0325	-1.46934
0.00875116	-0.689062	-0.20785	-0.694256	1	-20.0577	-1.46856
0.0915002	-0.428723	-0.020688	-0.903199	1	-20.0372	-1.47683
0.0486739	-0.494574	-0.0293748	-0.868639	1	-20.0537	-1.48584
0.0161154	-0.624082	-0.279908	-0.729503	1	-20.0574	-1.48438
0.0768524	-0.602313	-0.0467379	-0.79689	1	-20.0991	-1.45804
0.119161	-0.550888	-0.0852354	-0.830215	1	-20.0446	-1.47576
0.00772756	-0.0189929	0.520452	-0.85368	1	-20.0387	-1.46051
0.163132	-0.497663	-0.102066	-0.861345	1	-20.0413	-1.4737
0.644376	-0.530648	-0.0387083	-0.846708	1	-20.0482	-1.46142
0.0159333	-0.586386	-0.0947487	-0.804471	1	-20.0548	-1.46349
0.0405406	-0.564408	0.0477781	-0.824112	1	-20.0502	-1.46154
0.133967	-0.556991	-0.0449791	-0.829299	1	-20.0497	-1.46361
0.110807	-0.532929	-0.0484943	-0.844769	1	-20.0482	-1.4659
0.0341709	-0.575735	-0.0437762	-0.816464	1	-20.0506	-1.46657
1.29063	-0.541436	-0.043816	-0.8396	1	-20.0439	-1.46345
0.104718	-0.6143	0.0178966	-0.78887	1	-20.0657	-1.46072
0.188307	-0.533826	-0.052802	-0.843944	1	-20.0473	-1.46169
0.00753157	-0.109991	0.435678	-0.893357	1	-20.0413	-1.45436
0.035145	-0.484933	-0.170577	-0.857755	1	-20.044	-1.46865
0.0281183	-0.434317	-0.210652	-0.875782	1	-20.031	-1.47376
0.00702901	-0.787707	-0.141197	-0.599651	1	-20.0486	-1.48151
0.0127011	-0.233321	-0.0401603	-0.97157	1	-20.0321	-1.47344
0.031721	-0.305641	0.11717	-0.94491	1	-20.0462	-1.44301
0.0784719	-0.58059	-0.0621051	-0.811824	1	-20.0561	-1.46495
0.491537	-0.555882	-0.0326613	-0.830619	1	-20.0541	-1.41993
0.0548088	-0.596707	0.0459153	-0.801145	1	-20.0561	-1.42029
0.0548578	-0.588614	-0.111634	-0.800669	1	-20.0533	-1.42607
0.0269335	-0.417219	0.0284872	-0.908359	1	-20.0506	-1.42019
0.0586211	-0.571057	-0.0529069	-0.819204	1	-20.0464	-1.42169
0.0062104	-0.601734	-0.516417	-0.609286	1	-20.0987	-1.45619
0.0185052	-0.545862	0.11539	-0.829892	1	-20.0543	-1.415
0.0225656	0.00880456	0.0569393	-0.998339	1	-20.0133	-1.40459
0.0343642	-0.510695	0.023161	-0.85945	1	-20.0362	-1.40901
0.072819	-0.533682	-0.16892	-0.828643	1	-20.0538	-1.42397
0.00662213	-0.459232	-0.414965	-0.785436	1	-20.0276	-1.44283
0.122098	-0.559537	-0.212	-0.801233	1	-20.051	-1.4223
0.115506	-0.559898	-0.0757396	-0.825092	1	-20.0633	-1.4302
0.252648	-0.572076	-0.0509273	-0.818618	1	-20.0634	-1.42986
0.376594	-0.533449	-0.0200632	-0.845594	1	-20.0505	-1.41971
0.529531	-0.563914	-0.027358	-0.825381	1	-20.0558	-1.42156
0.0435214	-0.359877	0.233829	-0.903224	1	-20.0501	-1.41483
0.00496423	-0.418892	-0.119099	-0.900192	1	-20.0391	-1.4156
0.0461432	-0.294979	-0.0155091	-0.955378	1	-19.9995	-1.42515
0.00853685	0.141775	-0.603509	-0.78465	1	-20.077	-1.48893
0.0302247	-0.525799	-0.170342	-0.833378	1	-20.051	-1.44405
0.0078193	-0.598397	0.134215	-0.789878	1	-20.0287	-1.42122
0.0569619	-0.518095	0.0910803	-0.85046	1	-20.0571	-1.40322
0.0241334	-0.407364	-0.0181813	-0.913085	1	-20.0591	-1.40908
0.0550164	-0.596151	-0.028291	-0.802374	1	-20.113	-1.43426
0.322923	-0.552912	-0.0631558	-0.830843	1	-20.0639	-1.43537
0.330266	-0.55036	-0.0427922	-0.83383	1	-20.0642	-1.4341
0.130858	-0.596545	-0.058079	-0.800475	1	-20.0719	-1.43265
0.011305	-0.52892	0.383299	-0.757183	1	-20.0969	-1.42082
0.00829303	-0.522891	0.187787	-0.831457	1	-20.1015	-1.43293
0.0123084	-0.412042	0.00900529	-0.91112	1	-20.0956	-1.42859
0.0852616	-0.529726	-0.00991413	-0.848111	1	-20.0683	-1.43488
0.0155046	-0.381894	0.394512	-0.835773	1	-20.0664	-1.43171
0.0190404	-0.826263	-0.525616	-0.20253	1	-20.1702	-1.4726
0.00582085	-0.389116	-0.0704615	-0.91849	1	-20.0844	-1.44265
0.422401	-0.565824	-0.067173	-0.821786	1	-20.0742	-1.44189
0.0422056	-0.636051	-0.0823293	-0.767242	1	-20.0745	-1.43923
0.00936671	-0.522053	0.091513	-0.847989	1	-20.0189	-1.44538
0.0156374	-0.265968	-0.110686	-0.957606	1	-20.0151	-1.45675
0.0188196	-0.565824	-0.121723	-0.815492	1	-20.0499	-1.46787
0.383662	-0.520973	0.00643941	-0.853549	1	-20.0038	-1.41164
0.154815	-0.538874	-0.00757453	-0.842352	1	-20.0054	-1.41167
0.121714	-0.574669	-0.0335886	-0.817696	1	-20.0109	-1.4169
0.0773835	-0.523301	0.0825115	-0.848144	1	-20.0109	-1.41246
0.130428	-0.457372	0.0374889	-0.888485	1	-20.0157	-1.40192
0.00978475	-0.700197	-0.293533	-0.650817	1	-20.1329	-1.56516
0.101143	-0.471933	0.0476099	-0.880348	1	-20.0055	-1.39746
0.146638	-0.568893	-0.0231423	-0.822086	1	-20.0239	-1.41834
0.0120538	-0.516087	0.276824	-0.810569	1	-20.0195	-1.41901
0.019555	-0.472234	-0.134428	-0.871163	1	-20.0948	-1.37414
0.013258	-0.394258	-0.0950247	-0.914074	1	-19.854	-1.38466
0.0327862	-0.528607	0.116225	-0.840872	1	-20.0363	-1.48089
0.13039	-0.527294	-0.103653	-0.843337	1	-20.0492	-1.48179
0.0346484	-0.391941	-0.0802036	-0.916488	1	-20.018	-1.45508
0.0155559	-0.562261	0.0321823	-0.826334	1	-20.0748	-1.50299
0.078652	-0.552268	-0.0796325	-0.829854	1	-20.0487	-1.4539
0.0506556	-0.602422	-0.0132973	-0.798067	1	-20.0464	-1.44481
0.0367941	-0.452737	0.350285	-0.819957	1	-20.0357	-1.46042
0.00890505	-0.139961	0.119862	-0.982875	1	-20.0188	-1.49052
0.00695764	-0.197468	0.267838	-0.94301	1	-20.0676	-1.44482
0.104558	-0.533807	0.101944	-0.839439	1	-20.0419	-1.44222
0.241444	-0.542065	0.0104995	-0.840271	1	-20.0288	-1.42944
0.0145876	-0.48561	-0.0434237	-0.873096	1	-20.0278	-1.42961
0.0212375	-0.529898	-0.242568	-0.812631	1	-20.036	-1.43923
0.0209949	-0.0941991	-0.288847	-0.95273	1	-20.0156	-1.44696
0.0199788	-0.533969	-0.137592	-0.834234	1	-20.0203	-1.44603
0.0499505	-0.501331	0.0261898	-0.864859	1	-20.0498	-1.42658
0.144763	-0.579327	-0.0175752	-0.814906	1	-20.0521	-1.44164
0.0185831	-0.383827	-0.314279	-0.868277	1	-20.0423	-1.44599
0.0882356	-0.582027	-0.0479728	-0.811753	1	-20.0692	-1.455
0.0585095	-0.418768	-0.180954	-0.889882	1	-19.9903	-1.45087
0.0122223	-0.746181	0.16099	-0.645984	1	-20.0791	-1.45211
0.067591	-0.649823	-0.0695571	-0.756896	1	-20.0634	-1.43904
0.0103053	-0.646099	-0.0070573	-0.763221	1	-20.0476	-1.52086
0.00738795	-0.0441832	0.260222	-0.964537	1	-20.018	-1.42913
0.0269193	-0.485476	-0.214189	-0.847606	1	-20.0598	-1.42806
0.0528814	-0.434986	-0.194078	-0.879273	1	-20.026	-1.49494
0.147534	-0.556895	-0.0607918	-0.828355	1	-20.0247	-1.43772
0.00516483	-0.616032	0.0898632	-0.782579	1	-20.0214	-1.43288
0.013051	-0.745597	-0.296884	-0.596612	1	-20.078	-1.4171
0.0294793	-0.562784	0.0847449	-0.822248	1	-20.0437	-1.43462
1.60706	-0.539481	-0.0527395	-0.840344	1	-20.0362	-1.44615
0.108344	-0.410177	-0.101752	-0.906312	1	-20.0224	-1.4444
2.24015	-0.535288	-0.0399123	-0.843726	1	-20.0354	-1.4444
0.0274073	-0.694251	-0.0485562	-0.718094	1	-20.0371	-1.44159
0.376264	-0.547861	-0.0610298	-0.83434	1	-20.0372	-1.44229
0.13703	-0.524243	0.0365816	-0.850783	1	-20.0384	-1.44021
0.764656	-0.538463	-0.00658035	-0.842623	1	-20.0307	-1.42495
0.789724	-0.532405	-0.0401535	-0.845537	1	-20.0351	-1.42762
0.207976	-0.580058	-0.034561	-0.813841	1	-20.0542	-1.42058
0.0147456	-0.697799	0.0639939	-0.713429	1	-20.0523	-1.41918
0.0462888	-0.309757	0.0589671	-0.948985	1	-20.0208	-1.38359
0.0613867	-0.58829	0.0367249	-0.807816	1	-20.0287	-1.3945
0.0104599	-0.546897	0.0343072	-0.836496	1	-20.0372	-1.40387
0.0241088	-0.669862	-0.304792	-0.677043	1	-20.115	-1.4515
0.0661035	-0.513417	-0.027139	-0.85771	1	-20.0294	-1.42321
0.0778082	-0.345977	0.0563948	-0.936547	1	-20.0191	-1.41925
0.0121473	-0.492885	0.0394418	-0.8692	1	-20.036	-1.41652
0.00436694	-0.584606	0.177431	-0.791678	1	-20.0503	-1.44175
0.12836	-0.513625	-0.102712	-0.851845	1	-20.0684	-1.45613
0.100799	-0.556535	-0.307609	-0.771781	1	-20.1387	-1.74282
0.00802487	-0.278351	0.078595	-0.957258	1	-19.6641	-1.56502
0.360111	-0.317543	-0.0624375	-0.946186	1	-19.6157	-1.5238
0.00842649	0.0547585	-0.487386	-0.871468	1	-19.6144	-1.53315
0.303693	-0.320107	-0.0755253	-0.944366	1	-19.6152	-1.53013
0.00834054	-0.269332	0.470707	-0.840175	1	-19.6364	-1.50628
0.0613133	-0.152357	0.0953896	-0.983711	1	-19.2681	-1.48834
0.00894024	-0.311722	0.0660055	-0.947878	1	-19.2691	-1.4876
0.00728287	-0.173266	-0.43836	-0.881941	1	-19.267	-1.49089
0.0139451	-0.0374456	-0.350657	-0.935755	1	-19.2333	-1.51762
0.0436283	-0.290842	0.105627	-0.950923	1	-19.7614	-1.38431
0.00550003	0.0114137	-0.495916	-0.868295	1	-19.7854	-1.40549
0.0310051	-0.505954	-0.0639618	-0.860186	1	-20.0408	-1.42937
0.0570791	-0.635306	0.0552379	-0.770283	1	-20.0543	-1.41705
0.00312699	0.0243718	0.522015	-0.852588	1	-19.667	-0.54303
0.0319502	-0.315874	0.349106	-0.882241	1	-19.6699	-0.570429
0.0474075	-0.599298	-0.189198	-0.777847	1	-20.0477	-1.54236
0.027517	-0.834751	-0.227944	-0.501231	1	-19.8226	-1.60892
0.0298405	-0.457717	-0.0920734	-0.884318	1	-19.7905	-1.6071
0.0600082	-0.428231	-0.226605	-0.874796	1	-19.7919	-1.61025
0.311888	-0.429699	-0.0564639	-0.901205	1	-19.6812	-1.23693
0.193958	-0.621009	-0.132057	-0.772599	1	-20.1931	-1.4381
0.209634	-0.530289	-0.138096	-0.836494	1	-20.1797	-1.43529
0.0919081	-0.575363	-0.0484998	-0.816459	1	-20.1867	-1.44262
0.0131523	-0.646137	0.234539	-0.726291	1	-20.1879	-1.44129
0.243858	-0.55543	-0.00162192	-0.831562	1	-20.1956	-1.44726
0.00737088	-0.549984	-0.204007	-0.809876	1	-20.1956	-1.44747
0.10692	-0.542674	-0.0727139	-0.83679	1	-20.1636	-1.44944
0.00795844	-0.461803	-0.247428	-0.851773	1	-20.2122	-1.46776
0.012217	-0.47268	-0.00445792	-0.881223	1	-20.1733	-1.44998
0.0154575	-0.324318	-0.021027	-0.945714	1	-20.1728	-1.45028
0.0268475	-0.439565	0.185297	-0.87889	1	-20.1478	-1.38617
0.085953	-0.466821	0.105109	-0.878083	1	-20.1372	-1.3881
0.0151319	-0.846298	-0.147741	-0.511812	1	-20.2182	-1.46046
0.0365001	-0.588719	-0.263264	-0.764266	1	-20.2067	-1.48797
0.0366527	-0.537761	-0.139913	-0.831407	1	-20.2346	-1.54886
0.0195703	-0.773086	-0.213472	-0.5973	1	-20.0929	-1.41626
0.0760137	-0.490319	-0.0253902	-0.871173	1	-20.1326	-1.45402
0.0129005	-0.0839518	0.0606426	-0.994623	1	-20.0379	-1.52382
0.0137996	-0.425224	0.0797401	-0.901569	1	-20.0499	-1.52325
0.0459203	-0.584504	-0.327259	-0.742466	1	-20.1628	-1.52312
0.0101974	-0.356496	0.574392	-0.736875	1	-20.1745	-1.49945
0.039208	-0.45474	-0.230921	-0.860167	1	-20.0756	-1.52473
0.00977144	0.00548423	0.289351	-0.957207	1	-20.1117	-1.55351
0.0396988	-0.584227	-0.0856759	-0.807055	1	-20.0835	-1.55749
0.0326182	-0.497507	-0.130538	-0.857582	1	-20.0833	-1.55754
0.0553932	-0.544075	-0.233161	-0.805989	1	-20.0916	-1.55493
0.116056	-0.552454	-0.141438	-0.821456	1	-20.1416	-1.54677
0.149569	-0.539402	-0.127858	-0.832284	1	-20.1392	-1.54437
0.013744	-0.370123	-0.237546	-0.898098	1	-20.1591	-1.50965
0.062917	-0.677107	-0.105082	-0.728343	1	-20.1229	-1.50124
0.00423948	-0.687786	-0.135083	-0.713234	1	-19.6613	-1.71858
0.00390347	-0.267058	0.061419	-0.961721	1	-19.6517	-1.71624
0.00481225	-0.467654	-0.499946	-0.72894	1	-19.8302	-1.7958
0.043944	-0.420864	-0.0731027	-0.904173	1	-19.8319	-1.76847
0.11585	-0.507125	-0.143806	-0.849791	1	-19.9733	-1.49469
0.0708028	-0.516945	-0.0969435	-0.850512	1	-19.9755	-1.4927
0.0139342	-0.316636	-0.129788	-0.939626	1	-19.9743	-1.49243
0.397448	-0.527725	-0.0508228	-0.847894	1	-20.0029	-1.46958
1.27299	-0.52289	-0.0544402	-0.85066	1	-20.0028	-1.46959
0.00750306	-0.665905	0.118974	-0.736489	1	-19.9874	-1.44903
0.0279658	-0.682053	0.017588	-0.731091	1	-20.0239	-1.45724
0.269269	-0.553094	-0.0775265	-0.829504	1	-20.007	-1.46591
0.685169	-0.551954	-0.0589553	-0.831788	1	-20.0089	-1.4686
0.0288994	-0.715856	-0.211514	-0.665441	1	-20.0108	-1.46928
0.219152	-0.560651	-0.0263977	-0.827631	1	-20.0052	-1.47121
0.50133	-0.528647	-0.0503549	-0.847347	1	-20.0076	-1.46879
0.202668	-0.537353	-0.0333067	-0.842699	1	-20.0064	-1.46926
0.57025	-0.589219	-0.0608897	-0.805676	1	-20.0258	-1.47037
0.138029	-0.543362	-0.0425007	-0.838422	1	-20.0126	-1.46902
0.0375733	-0.663537	-0.0532775	-0.746244	1	-20.0182	-1.47167
0.323802	-0.53947	-0.0419054	-0.840961	1	-20.0126	-1.47045
0.0380649	-0.381467	-0.0393549	-0.923544	1	-20.0167	-1.47058
0.306612	-0.522831	-0.12318	-0.843489	1	-20.0031	-1.47504
0.0249364	-0.275824	0.0600143	-0.959333	1	-19.9734	-1.45038
0.0110016	-0.482561	0.436045	-0.759605	1	-19.9759	-1.44688
0.0282301	-0.692892	-0.155156	-0.70415	1	-20.017	-1.4707
0.0697323	-0.475318	0.172775	-0.862683	1	-19.9685	-1.45629
0.241348	-0.52287	-0.0520774	-0.85082	1	-19.9711	-1.46612
0.0933755	-0.337474	0.0102446	-0.941279	1	-19.9593	-1.44898
0.0930942	-0.530924	-0.0934656	-0.842249	1	-19.9919	-1.44884
0.0916262	-0.473202	-0.124822	-0.872066	1	-19.9859	-1.45845
0.00753474	-0.827537	0.104133	-0.55167	1	-19.999	-1.44929
0.0201588	-0.49163	-0.308439	-0.814349	1	-19.9991	-1.46044
0.00488957	-0.368314	0.0437136	-0.928673	1	-19.9942	-1.45136
0.0379568	-0.513394	-0.028575	-0.857677	1	-19.995	-1.45199
0.377914	-0.520724	-0.0511954	-0.852189	1	-19.9928	-1.45223
0.00867013	-0.577151	-0.142159	-0.804169	1	-19.9931	-1.45273
0.0861186	-0.475707	0.0124902	-0.879515	1	-19.9953	-1.44517
0.0436844	-0.588624	-0.0320972	-0.807769	1	-19.9972	-1.44906
0.0823636	-0.434477	-0.128556	-0.891461	1	-19.9854	-1.46333
0.0178114	0.119104	0.463911	-0.877839	1	-19.9765	-1.41227
0.00839919	-0.613826	-0.120118	-0.780249	1	-20.0701	-1.41189
0.0228587	-0.866732	0.00971572	-0.49868	1	-20.1786	-1.41937
0.00472821	-0.852653	0.131108	-0.50576	1	-20.1782	-1.41926
0.0111507	-0.66629	0.360373	-0.652832	1	-20.0315	-1.47279
0.0489319	-0.612633	-0.090412	-0.785179	1	-20.0475	-1.42255
0.0133542	-0.573497	-0.032544	-0.818561	1	-20.0211	-1.49884
0.0564722	-0.504599	-0.137963	-0.85226	1	-20.0203	-1.49888
0.449491	-0.56539	-0.0315776	-0.824219	1	-20.0062	-1.46511
0.542781	-0.546079	-0.0557846	-0.835874	1	-20.0045	-1.4655
0.0645074	-0.651761	0.0358793	-0.757576	1	-20.0174	-1.45165
0.00481978	-0.337263	-0.133397	-0.931911	1	-19.8738	-1.5566
0.0264177	-0.39951	-0.196636	-0.895391	1	-20.0241	-1.46967
0.0414915	-0.518379	-0.119297	-0.846789	1	-20.0245	-1.48999
0.0516322	-0.562104	-0.0907108	-0.822077	1	-20.0248	-1.48985
0.00974187	-0.41152	-0.172025	-0.895019	1	-20.033	-1.47865
0.17065	-0.631978	-0.0260771	-0.774547	1	-20.0074	-1.46722
0.07549	-0.536126	0.230206	-0.812142	1	-20.0028	-1.46291
0.209038	-0.543968	-0.0658011	-0.836522	1	-20.0039	-1.47012
0.0157429	-0.39104	-0.164721	-0.905513	1	-19.9838	-1.50015
0.0193097	-0.604466	-0.0143377	-0.796502	1	-19.9886	-1.49982
0.00380095	-0.640229	-0.0497304	-0.766572	1	-19.9463	-1.46667
0.0949045	-0.455174	-0.137945	-0.879652	1	-19.995	-1.50023
0.0129997	-0.117788	-0.528612	-0.840652	1	-20.0047	-1.51198
0.6503	-0.54621	-0.0815503	-0.833669	1	-20.0232	-1.48371
0.114926	-0.43695	-0.200414	-0.876874	1	-20.0015	-1.49968
0.103906	-0.556586	-0.0429634	-0.829678	1	-20.0358	-1.48839
0.00323171	-0.839705	0.207888	-0.501675	1	-20.0458	-1.51679
0.0907791	-0.47921	-0.137479	-0.866866	1	-20.0367	-1.51018
0.00435518	-0.213619	-0.137055	-0.967255	1	-19.9171	-1.53087
0.0184959	-0.560984	-0.09992	-0.821774	1	-19.8538	-1.70843
0.0196955	-0.446294	-0.216766	-0.868236	1	-19.8522	-1.71086
0.0290065	-0.384487	0.171907	-0.906983	1	-19.5536	-1.27588
0.0860173	-0.479363	0.0805177	-0.873915	1	-20.1302	-1.20558
0.0442326	-0.681922	-0.0580487	-0.729117	1	-19.4886	-0.70545
0.0136917	-0.235698	0.393552	-0.888574	1	-19.9878	-1.24955
0.0360535	-0.535705	-0.0368272	-0.843601	1	-19.9822	-1.70858
0.0400035	-0.51172	-0.27524	-0.813871	1	-20.1186	-1.46913
0.00422823	0.572943	-0.575843	-0.583216	1	-20.1484	-1.69697
0.00726922	-0.728849	0.0399263	-0.683509	1	-20.3094	-1.24267
0.00742505	-0.677742	0.189388	-0.710491	1	-20.3095	-1.24228
0.0328964	-0.492968	-0.352374	-0.795497	1	-20.3062	-1.22908
0.0146595	-0.513805	-0.58229	-0.630034	1	-20.2967	-1.2058
0.368289	-0.551519	-0.100416	-0.828096	1	-20.0286	-1.58759
3.94678	-0.53994	-0.11238	-0.834168	1	-20.028	-1.58734
0.0851936	-0.433652	0.0581147	-0.899204	1	-19.9073	-1.25292
0.0109301	-0.669354	-0.171699	-0.722831	1	-19.9094	-1.25191
0.114029	-0.488515	-0.0910726	-0.86779	1	-19.9589	-1.43561
0.381601	-0.519285	-0.0250801	-0.854233	1	-19.959	-1.4354
0.0637818	-0.646006	0.0554871	-0.761313	1	-20.0304	-1.35382
0.0803538	-0.601342	0.0251264	-0.798597	1	-20.0134	-1.42686
0.00631493	-0.261679	0.121497	-0.957477	1	-19.9833	-1.45708
0.0363351	0.0740502	0.117988	-0.99025	1	-19.8568	-1.42015
0.00611412	-0.301129	-0.0941885	-0.94892	1	-20.0022	-1.44819
0.00575283	-0.377603	-0.511953	-0.77157	1	-19.9264	-1.42491
0.00793109	-0.3888	-0.477945	-0.787657	1	-19.9893	-1.43923
0.0431096	-0.230688	-0.358594	-0.90454	1	-19.9821	-1.44411
0.0627951	-0.400922	0.0149104	-0.915991	1	-19.9617	-1.43786
0.0642046	-0.3944	0.0134017	-0.918841	1	-19.9708	-1.44062
0.00607516	-0.638457	-0.153991	-0.754095	1	-19.9737	-1.45411
0.0454952	-0.429727	-0.185983	-0.883598	1	-20.0794	-1.44823
0.0577775	-0.735451	-0.391567	-0.552981	1	-20.1571	-1.46601
0.149831	-0.539897	-0.103919	-0.835292	1	-20.0394	-1.53196
0.12251	-0.587942	-0.064617	-0.806318	1	-20.0233	-1.5295
0.00534686	0.0335397	0.232329	-0.972059	1	-19.9818	-1.52908
0.00331669	0.48765	0.52249	-0.69943	1	-20.0305	-1.50553
0.00332463	0.184302	-0.299591	-0.936097	1	-19.9813	-1.50097
0.128243	-0.5605	-0.0724102	-0.824983	1	-20.0176	-1.52957
0.130629	-0.559315	-0.0676852	-0.826187	1	-20.0174	-1.52999
0.0381095	-0.254282	0.00550904	-0.967114	1	-19.2733	-1.19807
0.0305653	-0.2495	0.076369	-0.965359	1	-19.2733	-1.198
0.00446988	0.328211	-0.685869	-0.649508	1	-20.2517	-1.42331
0.0033781	-0.542439	0.268121	-0.79616	1	-20.255	-1.41196
0.0511404	-0.429928	0.625757	-0.650838	1	-20.0313	-1.07384
0.188148	-0.517022	0.432312	-0.738779	1	-20.032	-1.08759
0.0429428	-0.558541	0.12961	-0.819288	1	-19.9379	-1.36734
0.0040942	-0.486093	0.167653	-0.857675	1	-19.8921	-1.37396
0.00508108	-0.610358	-0.278531	-0.741541	1	-20.0704	-1.29096
0.00606921	-0.441668	0.226491	-0.868119	1	-20.0744	-1.28727
0.0295444	-0.389293	0.0344142	-0.920471	1	-19.9624	-1.42248
0.0153178	-0.425196	-0.146394	-0.893184	1	-20.0013	-1.43874
0.015008	-0.60989	0.185532	-0.770463	1	-20.0065	-1.42616
0.193269	-0.567573	-0.027914	-0.82285	1	-19.9915	-1.42875
0.00491451	-0.638935	-0.545922	-0.541971	1	-20.0019	-1.438
0.00995453	-0.638222	-0.476205	-0.604898	1	-20.0743	-1.39083
0.427597	-0.522277	0.0404859	-0.851815	1	-20.1741	-0.875132
0.00516107	-0.832731	0.354322	-0.425459	1	-20.2033	-0.884762
0.0761872	-0.531743	-0.0669773	-0.844253	1	-20.189	-0.885882
0.00667018	-0.856541	-0.205565	-0.473371	1	-20.3099	-0.882894
0.377944	-0.522981	0.00223647	-0.852341	1	-20.1885	-0.884712
0.100521	-0.509929	-0.0495363	-0.858789	1	-20.1612	-0.884902
0.00913581	-0.392483	0.280442	-0.875962	1	-20.1617	-0.883221
0.0352952	-0.410149	0.175164	-0.895039	1	-20.1949	-0.884404
0.0124128	-0.590469	0.0560413	-0.805112	1	-20.196	-0.884461
0.322457	-0.540111	-0.00846017	-0.841552	1	-20.1047	-1.16322
0.0043422	-0.55408	0.0269853	-0.832026	1	-20.0738	-1.44878
0.00388286	-0.18531	0.126944	-0.974446	1	-20.0716	-1.45382
0.00322669	-0.757937	-0.17641	-0.628022	2	-71.0198	-9.05636
0.0374768	-0.832774	-0.0948442	-0.545428	2	-71.2259	-9.00943
0.0225445	-0.798812	-0.0209137	-0.601218	2	-71.1847	-9.01733
0.0912803	-0.918514	-0.125121	-0.375069	2	-71.2314	-9.02267
0.223594	-0.866268	-0.103407	-0.48876	2	-71.2352	-9.02228
0.165809	-0.885931	-0.0597357	-0.459955	2	-71.2167	-8.98819
0.0553715	-0.891623	-0.0513955	-0.449851	2	-71.2051	-8.99926
0.0145552	-0.930367	0.0259226	-0.365712	2	-71.2418	-9.01895
