0.0336928	-0.428952	-0.785777	-0.445594	3	-11.0781	-53.032
0.10269	-0.42324	-0.778124	-0.464102	3	-11.0558	-52.9937
0.00977033	-0.557793	-0.57504	-0.598495	3	-11.0525	-52.8016
0.00960362	-0.373364	-0.77021	-0.517084	3	-10.9509	-52.8806
0.0126068	-0.0446908	-0.661816	-0.748333	3	-8.68787	-52.5579
0.0195217	0.179264	-0.547354	-0.817477	3	-8.65625	-52.4851
0.00657896	0.22579	-0.534273	-0.814599	3	-8.65376	-52.4845
0.0696316	-0.124618	-0.843943	-0.521756	3	-10.0701	-52.8792
0.00359099	-0.300753	-0.588201	-0.750712	3	-10.0797	-52.8484
0.00529322	-0.153735	-0.870218	-0.468066	3	-10.0757	-52.8871
0.0844334	-0.18616	-0.865863	-0.464355	3	-10.0798	-52.8874
0.239031	-0.200968	-0.852326	-0.482858	3	-10.0816	-52.8752
0.00318117	0.231606	-0.0549945	-0.971254	3	-8.46233	-46.4412
0.0034976	-0.662251	-0.736509	-0.13776	5	-54.0061	-85.0585
0.0642317	-0.520822	-0.809888	-0.269865	5	-53.8492	-84.8409
0.0065812	0.205476	0.634104	-0.745448	7	4.39496	21.2575
0.016311	0.0643061	0.4696	-0.880534	7	4.36789	21.1287
0.00911916	0.366828	0.655582	-0.660037	7	4.48257	21.2379
0.00741534	0.240701	0.588531	-0.771812	7	4.41664	21.2048
0.0319271	0.144075	0.520784	-0.841443	7	4.31883	21.1016
0.00379457	0.661997	0.545934	-0.513533	7	4.92107	21.3591
0.0423832	0.115325	0.532685	-0.838419	7	4.28761	21.1158
0.025786	0.0674764	0.495323	-0.866084	7	4.23063	21.0457
0.0229805	0.0352313	0.466626	-0.883753	7	4.21145	21.0242
0.0051037	-0.138868	0.650205	-0.74696	7	4.17209	21.1082
0.00401222	0.306059	0.486061	-0.81858	7	4.42963	21.0747
0.00391299	-0.0424965	0.743195	-0.667724	7	4.22114	21.3066
0.0119653	0.194245	0.53988	-0.819023	7	4.33903	21.1124
0.0123726	0.104213	0.595653	-0.796453	7	4.27945	21.1479
0.00784664	0.102957	0.533003	-0.839826	7	4.27412	21.1003
0.0129487	0.32535	0.476082	-0.817003	7	4.59261	21.524
0.00748259	0.159556	0.683425	-0.71237	7	4.33803	21.2234
0.0179151	-0.00509963	0.611401	-0.791305	7	4.31898	22.7101
0.0105568	0.115459	0.720302	-0.683984	7	4.50428	22.8617
0.00873592	0.0141477	0.741801	-0.670471	7	4.48373	22.7571
0.0163224	0.00955622	0.673992	-0.738677	7	4.48382	22.7545
0.00950899	0.1106	0.743061	-0.660022	7	4.48599	22.7612
0.00870939	0.0294237	0.684123	-0.728773	7	4.48277	22.7562
0.0091528	0.0915817	0.745529	-0.66015	7	4.486	22.9753
0.145121	0.878697	0.200101	-0.433418	9	54.5027	14.6747
0.027511	0.679537	0.125118	-0.722893	9	54.6949	13.9996
0.020949	0.733498	0.397515	-0.551327	11	40.1472	19.6108
0.103059	-0.62783	-0.385543	-0.676155	12	-26.2631	-11.0964
0.0032513	-0.79785	0.368295	-0.477278	12	-26.8207	-8.20877
0.00564414	-0.0350242	-0.383611	-0.92283	17	5.71245	-4.20574
0.00706421	0.254612	-0.0520623	-0.965641	17	6.84225	-4.24014
0.0109259	-0.361088	-0.12521	-0.924088	17	5.58641	-4.08792
0.00555224	-0.513055	-0.446625	-0.733008	17	5.49477	-4.23672
0.103209	-0.265318	-0.42051	-0.867627	17	5.64125	-4.18064
0.00372495	-0.00735489	0.40678	-0.913497	17	5.63898	-3.45152
0.102778	-0.00276264	-0.0893858	-0.995993	17	5.49554	-3.62439
0.00305923	0.0504808	-0.168541	-0.984401	17	5.53059	-3.67344
0.0346614	0.197881	-0.155504	-0.967813	17	6.46558	-4.27989
0.00303032	-0.060922	0.0757693	-0.995263	19	-6.29176	-10.3631
0.0176086	-0.0723898	-0.375489	-0.923996	19	-6.06252	-12.7382
0.00472116	0.201845	-0.30745	-0.92991	19	-5.66977	-12.8391
