28.0804	-0.81577	0.309453	-0.48863	0	-51.3393	19.5445
12.8735	-0.805831	0.292489	-0.514866	0	-49.717	18.4148
22.9788	-0.801867	0.311273	-0.510018	0	-49.5609	18.954
1.0836	-0.822328	0.381515	-0.422164	0	-52.3775	22.5354
16.9171	-0.808195	0.306613	-0.502802	0	-49.9772	19.3754
34.8341	-0.803949	0.301925	-0.512355	0	-49.7932	18.975
4.06999	-0.821947	0.336681	-0.4594	0	-52.034	20.4274
6.07108	-0.80013	0.338075	-0.495477	0	-50.1786	20.3857
1.99794	-0.80288	0.323777	-0.500552	0	-50.5059	19.778
1.69354	-0.786647	0.325795	-0.524446	0	-48.0382	19.6787
55.3383	-0.800159	0.311021	-0.512846	0	-49.5028	19.0669
5.52801	-0.815553	0.287539	-0.50219	0	-50.5164	18.0419
35.6427	-0.806851	0.304998	-0.505933	0	-50.2303	18.998
210.708	-0.808574	0.306799	-0.502079	0	-50.3878	19.0876
133.925	-0.806825	0.307613	-0.504388	0	-50.2319	19.0926
13.4178	-0.784725	0.313372	-0.534793	0	-48.5408	18.6195
5.24261	-0.796438	0.349035	-0.493823	0	-50.6146	20.1368
28.8622	-0.803915	0.323585	-0.499013	0	-50.2524	19.6254
34.8116	-0.802974	0.298165	-0.516071	0	-49.587	18.6153
4.17163	-0.80739	0.246866	-0.53589	0	-48.7459	16.9077
8.90312	-0.801808	0.299323	-0.517214	0	-50.1292	18.8398
2.1839	-0.792806	0.292652	-0.534616	0	-49.2357	18.4477
36.2535	-0.803995	0.308732	-0.508209	0	-50.0731	19.094
26.952	-0.804018	0.311956	-0.506201	0	-49.9417	19.1879
9.93146	-0.80169	0.283868	-0.526034	0	-48.8741	18.175
3.1863	-0.808749	0.310549	-0.499485	0	-51.143	19.5576
4.76981	-0.757767	0.298079	-0.580464	0	-45.504	17.8036
12.5436	-0.808688	0.351345	-0.471784	0	-51.3832	20.8197
8.54557	-0.808392	0.340721	-0.480011	0	-50.979	20.3659
25.8404	-0.795259	0.316188	-0.517289	0	-49.2133	19.0528
8.74014	-0.789857	0.317988	-0.524413	0	-49.2911	19.2339
4.75416	-0.807468	0.239959	-0.538901	0	-49.4653	17.3901
4.40799	-0.773286	0.358902	-0.522703	0	-48.8102	19.6647
2.34049	-0.821194	0.261113	-0.507406	0	-51.4214	17.7015
3.37036	-0.782687	0.353593	-0.512223	0	-49.065	19.6534
1.61363	-0.758778	0.289988	-0.583236	0	-45.1345	17.6871
4.53128	-0.797489	0.296592	-0.525399	0	-49.8374	19.4717
7.98928	-0.817565	0.29934	-0.491917	0	-50.9919	18.9658
1.88444	-0.779929	0.230021	-0.582066	0	-45.8413	16.2717
38.168	-0.808465	0.308601	-0.501149	0	-50.4799	19.1541
205.442	-0.807127	0.305029	-0.505473	0	-50.1877	18.9841
3.79795	-0.788393	0.31196	-0.530206	0	-50.5171	18.9075
7.67246	-0.799847	0.326719	-0.503487	0	-49.7938	19.4225
28.8549	-0.804715	0.310223	-0.506157	0	-50.0988	19.0503
9.43436	-0.808335	0.281812	-0.516891	0	-50.197	18.5154
3.25765	-0.832286	0.29295	-0.470617	0	-51.7932	19.3178
2.92396	-0.768876	0.324911	-0.550692	0	-47.2682	18.4951
3.87755	-0.799412	0.328809	-0.502816	0	-49.854	19.5863
1.08785	-0.806964	0.368835	-0.46127	0	-51.7934	20.4755
1.85608	-0.818695	0.22705	-0.527434	0	-49.8134	17.8553
1.5287	-0.753628	0.27426	-0.597349	0	-47.787	18.617
3.29819	-0.847279	0.26618	-0.459637	0	-51.6078	18.7985
1.95056	-0.79698	0.344246	-0.496305	0	-49.8072	19.5668
1.45126	-0.820102	0.264128	-0.507612	0	-50.2857	19.0449
78.9659	-0.807351	0.300201	-0.508	0	-50.1111	18.8286
42.4011	-0.808956	0.311263	-0.498703	0	-50.319	19.2019
3.47066	-0.878289	0.187141	-0.439985	0	-53.763	17.2867
7.73388	-0.751257	0.394341	-0.529252	0	-48.176	20.4595
0.497699	-0.825532	0.350382	-0.442413	0	-52.9483	21.6867
1.54091	-0.800226	0.286385	-0.526899	0	-49.7302	18.1339
29.1201	-0.806075	0.305708	-0.50674	0	-50.1955	18.9672
49.6766	-0.806093	0.305334	-0.506936	0	-50.1425	18.9305
35.9295	-0.803601	0.298181	-0.515086	0	-49.599	18.5212
5.84907	-0.787933	0.306412	-0.53411	0	-48.9768	17.8311
10.1302	-0.820676	0.290974	-0.491756	0	-51.2126	18.6879
5.54562	-0.795693	0.303386	-0.524241	0	-48.8232	18.8403
15.9002	-0.80478	0.28878	-0.51859	0	-49.677	18.5763
22.2482	-0.807451	0.305578	-0.504624	0	-50.2133	19.0249
3.97778	-0.804462	0.27372	-0.527179	0	-48.9722	17.3142
10.6057	-0.793416	0.292359	-0.533871	0	-47.7716	17.8688
39.4677	-0.810855	0.299057	-0.503069	0	-50.4307	18.8477
11.3262	-0.803992	0.307363	-0.509043	0	-49.6904	19.133
6.68334	-0.812322	0.313812	-0.491584	0	-50.4026	19.4458
5.24658	-0.809856	0.289239	-0.510366	0	-50.9519	18.4534
17.9137	-0.781553	0.319838	-0.53561	0	-48.7631	18.7265
5.16399	-0.8199	0.285096	-0.496471	0	-51.0236	18.2685
0.760315	-0.907298	0.229853	-0.352105	0	-53.8574	18.635
5.85677	-0.822551	0.287318	-0.490774	0	-51.3693	18.7336
5.7523	-0.798252	0.36496	-0.479165	0	-50.9199	20.3197
62.2259	-0.805176	0.296638	-0.513515	0	-49.6396	18.5306
16.9655	-0.805539	0.311827	-0.503856	0	-50.2855	19.3234
81.3849	-0.809026	0.298237	-0.506489	0	-50.1607	18.669
17.6378	-0.812347	0.30886	-0.494669	0	-50.8216	19.3618
28.9985	-0.808065	0.314561	-0.498078	0	-50.6573	19.6144
28.0909	-0.808693	0.310004	-0.499914	0	-50.3013	19.0757
68.2245	-0.801471	0.315296	-0.508166	0	-49.7862	19.2138
67.4634	-0.810137	0.303802	-0.501381	0	-50.5231	19.1058
35.303	-0.809724	0.299806	-0.504443	0	-50.2048	18.693
9.59737	-0.809436	0.313647	-0.496425	0	-50.6884	19.2695
3.96587	-0.780143	0.341048	-0.524465	0	-48.7377	19.6928
20.8942	-0.816891	0.288526	-0.499442	0	-50.6553	18.6532
37.358	-0.80637	0.298244	-0.510704	0	-50.0286	18.6241
55.7697	-0.807941	0.307224	-0.502836	0	-50.3674	19.0579
25.4919	-0.80681	0.306158	-0.505296	0	-50.0396	18.9524
2.80587	-0.703836	0.372777	-0.604692	0	-42.5026	19.0707
0.0861873	-0.751461	0.307838	-0.583559	0	-44.0497	17.6038
0.645505	-0.790828	0.344063	-0.506174	0	-49.8084	19.952
3.85463	-0.830937	0.256738	-0.493589	0	-53.1923	17.8234
1.48435	-0.744494	0.358575	-0.563163	0	-47.1667	19.9285
4.42723	-0.800538	0.316852	-0.508669	0	-49.5763	19.4586
49.7191	-0.802582	0.307803	-0.510999	0	-49.8579	19.0353
8.11778	-0.825219	0.297041	-0.480396	0	-52.1476	19.7528
2.37592	-0.784855	0.310507	-0.536272	0	-47.9325	19.2945
1.92569	-0.834493	0.328059	-0.442718	0	-54.1159	20.8121
3.01524	-0.798169	0.333868	-0.501457	0	-50.0869	19.7284
5.73895	-0.841546	0.275174	-0.464844	0	-53.8667	18.2045
22.0232	-0.798508	0.326796	-0.505558	0	-49.5613	19.4822
18.5841	-0.81039	0.309061	-0.497745	0	-50.3341	19.207
38.4307	-0.806343	0.308632	-0.504537	0	-50.0774	19.0547
352.117	-0.806508	0.305248	-0.506328	0	-50.0753	18.9518
157.959	-0.809418	0.304765	-0.501956	0	-50.3941	19.0223
5.60819	-0.797482	0.311934	-0.516449	0	-49.2709	18.945
2.09123	-0.834165	0.273919	-0.478683	0	-51.4999	18.7138
67.712	-0.799665	0.307765	-0.515574	0	-49.288	18.8489
7.36756	-0.785494	0.309306	-0.53603	0	-46.7122	18.5291
1.01125	-0.740714	0.455164	-0.494134	0	-47.2685	23.905
205.487	-0.807929	0.304285	-0.50464	0	-50.2392	18.9603
45.2254	-0.805765	0.312934	-0.502807	0	-50.4404	19.3131
12.9564	-0.800903	0.313655	-0.510073	0	-50.2146	19.3363
12.0321	-0.544481	-0.00976873	-0.838716	1	-20.148	-1.13992
10.0063	-0.538392	-0.0213218	-0.842425	1	-20.0741	-1.20859
2.42735	-0.511403	-0.356179	-0.782051	1	-20.063	-4.45935
0.826849	-0.502998	-0.140926	-0.852721	1	-19.8	-1.9266
1.14379	-0.528621	0.0119964	-0.848773	1	-20.052	-1.22837
8.20889	-0.555438	-0.0407425	-0.830559	1	-20.2055	-1.47323
13.5829	-0.542808	-0.0511317	-0.838299	1	-20.1196	-1.50386
49.2686	-0.534748	-0.0530629	-0.843344	1	-19.9944	-1.58112
54.4989	-0.531192	-0.0370356	-0.846441	1	-19.9513	-1.41568
1.75086	-0.441437	-0.124789	-0.888573	1	-18.9745	-2.11465
11.822	-0.534383	-0.0141854	-0.845123	1	-19.9335	-1.19854
2.5034	-0.606276	0.0259776	-0.79483	1	-20.5512	-0.926899
2.34888	-0.446565	-0.255193	-0.857588	1	-19.539	-3.31733
4.73218	-0.548513	-0.0240256	-0.835797	1	-20.2824	-1.32738
6.36846	-0.551629	-0.0492318	-0.832636	1	-20.2233	-1.51108
2.28054	-0.517679	-0.0635223	-0.853214	1	-19.7863	-1.60846
0.627802	-0.531483	0.0635779	-0.844679	1	-20.1774	-1.13118
1.38917	-0.526044	-0.0409102	-0.849473	1	-19.9433	-1.37489
0.882087	-0.410298	-0.0809974	-0.908347	1	-18.9519	-1.96645
0.476251	-0.466224	0.00843705	-0.884626	1	-18.8829	-1.53379
4.28778	-0.597769	-0.0817504	-0.797489	1	-20.7237	-1.84415
0.249953	-0.429276	-0.312897	-0.847241	1	-19.1799	-3.42212
1.77069	-0.502911	-0.137422	-0.853344	1	-19.8529	-1.92997
7.7308	-0.54213	-0.0268988	-0.839864	1	-20.1355	-1.47109
33.9262	-0.539371	-0.0421647	-0.841012	1	-20.0736	-1.46271
12.9446	-0.539178	-0.0321807	-0.841577	1	-20.0553	-1.37551
28.2745	-0.536048	-0.0456006	-0.842955	1	-20.0337	-1.48504
8.71282	-0.560844	0.00296271	-0.827917	1	-20.3449	-0.99615
11.9378	-0.514599	-0.0681114	-0.854721	1	-19.767	-1.78261
39.9777	-0.529398	-0.0483365	-0.846995	1	-19.9287	-1.53397
3.40598	-0.494096	-0.0563854	-0.867577	1	-19.4915	-1.57568
3.7808	-0.543698	-0.0742888	-0.835987	1	-20.1769	-1.71766
3.05637	-0.501777	-0.0884156	-0.860466	1	-19.7729	-1.81296
35.6842	-0.543439	-0.0528079	-0.837786	1	-20.091	-1.58919
0.504506	-0.422833	0.0173198	-0.906042	1	-18.2622	-0.756019
1.1775	-0.540835	0.0550897	-0.839323	1	-20.2237	-0.655006
4.01222	-0.436752	-0.0154758	-0.899449	1	-18.9569	-1.24922
17.8883	-0.535389	-0.0379106	-0.843755	1	-20.0087	-1.44462
0.264698	-0.599522	-0.138226	-0.788332	1	-20.225	-1.91911
26.8312	-0.535421	-0.0566451	-0.842684	1	-20.0371	-1.5544
0.619995	-0.342982	0.0510903	-0.937952	1	-18.5819	-1.02735
1.90043	-0.577662	-0.108011	-0.809098	1	-20.3524	-1.81039
5.65022	-0.515512	-0.00403187	-0.856873	1	-19.9172	-1.20241
24.0587	-0.553721	-0.028625	-0.83221	1	-20.2285	-1.34934
1.0071	-0.480759	-0.0273848	-0.876425	1	-19.5333	-1.59449
1.16846	-0.52649	-0.0626885	-0.847867	1	-19.7749	-1.6177
2.59339	-0.561553	-0.0324974	-0.826802	1	-20.3041	-1.46761
5.92132	-0.532827	-0.0421607	-0.845174	1	-19.8823	-1.38377
36.5862	-0.549974	-0.0405916	-0.834195	1	-20.1865	-1.45508
160.38	-0.539509	-0.0399495	-0.841031	1	-20.0584	-1.45527
9.8128	-0.532943	-0.030497	-0.845601	1	-19.8798	-1.36563
0.361055	-0.287047	-0.146053	-0.946717	1	-18.777	-2.03131
1.38071	-0.461781	-0.117927	-0.87912	1	-19.5145	-1.91061
4.95585	-0.515599	-0.0978318	-0.851226	1	-20.034	-1.89483
2.79235	-0.523052	-0.0438937	-0.85117	1	-19.7457	-1.36183
0.545608	-0.314221	-0.137693	-0.939311	1	-17.5643	-1.91245
2.55854	-0.475079	-0.0703475	-0.877127	1	-19.2039	-1.67724
22.1839	-0.520694	-0.0265927	-0.853329	1	-19.8648	-1.36895
3.66489	-0.523443	-0.0521191	-0.850465	1	-19.7867	-1.47621
0.866393	-0.554753	0.00555009	-0.831996	1	-19.8858	-1.41032
3.61678	-0.534364	-0.0486339	-0.843854	1	-20.0007	-1.55781
6.04293	-0.590857	-0.0585199	-0.804651	1	-20.6148	-1.63635
9.86336	-0.549867	-0.0626493	-0.832899	1	-20.1986	-1.64976
0.213652	-0.472086	-0.155515	-0.867727	1	-19.2195	-1.90199
1.20283	-0.613756	-0.0157443	-0.789339	1	-20.8687	-1.10837
39.3526	-0.538905	-0.0474571	-0.841029	1	-20.0398	-1.51468
20.5444	-0.51588	-0.0282117	-0.856196	1	-19.7575	-1.33936
6.29726	-0.548634	-0.0419735	-0.835008	1	-20.0861	-1.45347
45.4474	-0.53629	-0.0382534	-0.843167	1	-20.0212	-1.44322
2.81003	-0.543232	-0.0456924	-0.838338	1	-19.8731	-1.42852
25.4721	-0.522543	-0.0242244	-0.852269	1	-19.862	-1.29878
0.832599	-0.557886	0.0844045	-0.825614	1	-20.6575	-0.970074
1.71768	-0.463029	0.191252	-0.865463	1	-19.554	0.353401
0.553623	-0.3485	0.308111	-0.885221	1	-19.0408	0.626757
1.83977	-0.493515	-0.047149	-0.868459	1	-19.5916	-1.5862
1.58375	-0.531367	-0.0753361	-0.843785	1	-19.7326	-1.66465
1.9361	-0.662049	-0.0610719	-0.746968	1	-21.5883	-1.59047
1.33645	-0.607546	0.014155	-0.794158	1	-20.7998	-0.867118
7.41932	-0.494049	-0.0568074	-0.867576	1	-19.5547	-1.58797
12.6112	-0.501396	-0.086647	-0.860868	1	-19.7394	-1.72399
2.6283	-0.613218	-0.0453654	-0.78861	1	-20.7873	-1.42605
62.4282	-0.542096	-0.0376269	-0.839474	1	-20.0763	-1.43883
15.6286	-0.543324	-0.0334363	-0.838857	1	-20.0905	-1.37589
14.8025	-0.543508	-0.0276281	-0.838949	1	-20.1069	-1.36928
2.26726	-0.557763	-0.0499326	-0.828497	1	-20.2271	-1.54403
14.7658	-0.538616	-0.0359865	-0.841783	1	-19.9981	-1.41819
2.02389	-0.496395	-0.0369876	-0.867308	1	-19.7142	-1.5724
0.579302	-0.576507	0.013998	-0.816972	1	-20.1067	-1.25501
16.6894	-0.541413	-0.0321903	-0.84014	1	-20.0641	-1.40639
3.5623	-0.580162	-0.137025	-0.802893	1	-20.5739	-2.08527
4.38527	-0.53826	-0.0650942	-0.840262	1	-20.132	-1.60761
1.26811	-0.518762	-0.0425398	-0.85386	1	-20.1679	-1.54989
2.86028	-0.519609	-0.111258	-0.847129	1	-19.9003	-1.79157
1.2022	-0.430925	-0.0859747	-0.898283	1	-19.2294	-1.66781
0.608342	-0.590556	0.0873775	-0.802252	1	-20.7558	-0.547831
0.10287	-0.383976	0.0503249	-0.921971	1	-19.4946	-0.748901
5.71699	-0.536294	-0.0449099	-0.842836	1	-20.053	-1.49684
0.21648	-0.362654	0.0683796	-0.929412	1	-19.0032	-1.42886
1.20987	-0.600267	0.0301042	-0.799233	1	-20.6288	-1.27849
4.31083	-0.544263	-0.0410793	-0.837908	1	-20.1538	-1.4166
33.3905	-0.532961	-0.0481317	-0.84477	1	-19.9729	-1.50708
0.250919	-0.556145	-0.250238	-0.792517	1	-19.9202	-1.42192
1.6564	-0.521099	-0.150553	-0.840113	1	-20.1081	-2.50061
4.01755	-0.523596	-0.0256332	-0.851581	1	-19.7901	-1.15214
73.9133	-0.533387	-0.0390718	-0.844968	1	-19.9782	-1.44028
25.6136	-0.532186	-0.0296897	-0.846107	1	-19.9265	-1.33592
4.30479	-0.592865	-0.0779503	-0.80152	1	-20.7289	-1.84112
1.10484	-0.466542	0.0100054	-0.884443	1	-18.9099	-1.28323
11.5845	-0.524394	0.0053548	-0.851459	1	-19.8378	-0.981597
11.7977	-0.554944	-0.0600228	-0.82972	1	-20.3689	-1.67385
0.584109	-0.417013	-0.163521	-0.89407	1	-18.9064	-2.27525
6.85974	-0.563226	0.015684	-0.826154	1	-20.2863	-1.09547
0.579212	-0.38209	-0.0612202	-0.922095	1	-18.482	-1.26075
9.50654	-0.513046	0.0159074	-0.858214	1	-19.6697	-0.903154
1.2298	-0.324904	-0.302075	-0.896208	1	-19.4998	-2.25342
0.153965	-0.538173	0.227298	-0.811607	1	-20.4156	-1.33856
0.0490841	-0.321621	-0.824933	-0.464807	1	-20.6243	-1.78957
0.71234	-0.540007	-0.09278	-0.836531	1	-20.37	-1.6123
0.475567	-0.724164	-0.126121	-0.677997	1	-20.6208	-1.69689
19.1976	-0.528837	-0.0530356	-0.847065	1	-19.925	-1.56063
0.210894	-0.632002	-0.320298	-0.705679	1	-21.2649	-3.81255
0.286243	-0.52344	0.0610833	-0.84987	1	-18.6378	-1.31017
14.6727	-0.543641	-0.0381182	-0.838452	1	-20.2048	-1.42317
15.7023	-0.530066	-0.0447822	-0.846773	1	-19.9172	-1.48871
4.338	-0.573591	-0.0259207	-0.818732	1	-20.5769	-1.34948
4.33393	-0.527782	-0.0517847	-0.8478	1	-19.8181	-1.62564
0.683845	-0.486242	0.105121	-0.867478	1	-19.7575	-0.599393
0.117122	-0.00198442	-0.112581	-0.993641	1	-20.6505	-1.24658
1.60007	-0.54088	-0.0934779	-0.835889	1	-20.0584	-1.68678
0.710724	-0.458924	-0.123809	-0.879807	1	-19.6855	-1.67376
0.142745	-0.322338	-0.117462	-0.939309	1	-18.9806	-2.17462
0.440532	-0.690065	-0.0156557	-0.723578	1	-20.5678	-1.42232
0.327453	-0.82863	0.0797345	-0.55409	1	-20.9431	-1.30164
0.568237	-0.475047	-0.139741	-0.868794	1	-19.8347	-1.70346
1.79461	-0.661522	-0.0300182	-0.749325	1	-20.9422	-1.3857
3.02679	-0.572092	-0.051316	-0.818583	1	-20.3166	-1.52898
9.96808	-0.517945	-0.0323946	-0.8548	1	-19.7107	-1.41225
8.43283	-0.562462	-0.0178153	-0.826631	1	-20.3808	-1.19083
6.69294	-0.527311	-0.0298034	-0.84915	1	-19.8154	-1.31362
20.0886	-0.550625	-0.0321657	-0.834133	1	-20.1953	-1.40961
12.2132	-0.567305	-0.035466	-0.822744	1	-20.4836	-1.44142
4.40992	-0.518066	-0.0440692	-0.854204	1	-19.9155	-1.43117
11.3485	-0.541673	-0.0945638	-0.835253	1	-20.1716	-2.0657
2.10181	-0.575098	0.0472461	-0.816719	1	-20.7729	-0.685623
0.670871	-0.484218	0.28747	-0.826374	1	-19.4405	1.18518
2.48437	-0.566041	-0.0413287	-0.82334	1	-20.3929	-1.39606
23.1699	-0.531466	-0.0324756	-0.846457	1	-19.9335	-1.37329
0.949471	-0.335556	0.0864138	-0.938048	1	-17.3758	-0.0250035
0.00394949	0.327211	-0.871983	-0.364115	1	-18.7312	-1.39238
1.22143	-0.613761	0.00813062	-0.78945	1	-20.9495	-1.00703
2.17104	-0.559089	0.0138169	-0.828992	1	-20.5166	-0.901159
0.889175	-0.502374	-0.0997401	-0.858879	1	-19.3441	-2.02118
2.75003	-0.556916	0.00300684	-0.830563	1	-20.3157	-1.15086
28.3917	-0.540649	-0.0254806	-0.840862	1	-20.0917	-1.32825
1.41733	-0.508579	-0.0049638	-0.861001	1	-19.3196	-1.07788
1.33076	-0.584836	0.0334098	-0.810463	1	-21.1303	-0.425714
4.83858	-0.562254	-0.019421	-0.826737	1	-20.4003	-1.23475
1.0678	-0.638966	-0.171718	-0.749824	1	-21.1774	-2.48889
3.3954	-0.534923	0.0216692	-0.844623	1	-19.9007	-0.864963
78.5766	-0.537683	-0.045818	-0.841901	1	-20.0318	-1.51841
145.43	-0.538214	-0.0370266	-0.841995	1	-20.035	-1.42876
2.73092	-0.531467	-0.0594674	-0.844989	1	-19.8932	-1.59594
2.57899	-0.498594	-0.0106922	-0.866769	1	-19.425	-1.09305
7.55799	-0.529656	-0.063157	-0.845858	1	-19.9129	-1.70832
3.71347	-0.558323	-0.0111257	-0.829549	1	-20.3518	-1.18811
6.03746	-0.516186	0.00594003	-0.856456	1	-19.7744	-0.855982
7.2295	-0.561641	0.00833677	-0.827339	1	-20.1916	-1.25599
1.46778	-0.637415	0.108216	-0.762883	1	-20.5983	-0.848906
17.5156	-0.53658	0.020053	-0.843611	1	-20.034	-1.20367
2.48606	-0.527622	-0.0537025	-0.84778	1	-19.9647	-1.48803
6.4379	-0.47704	-0.0630362	-0.876618	1	-19.7139	-1.54928
0.635588	-0.356278	0.0806502	-0.930893	1	-19.4584	-1.06414
0.900294	-0.625173	0.0341603	-0.779738	1	-20.1576	-1.34518
0.765031	-0.448483	-0.0256983	-0.893422	1	-19.8937	-1.40719
0.210495	-0.658781	0.273628	-0.700811	1	-20.2997	-1.07038
4.90672	-0.576324	-0.00916403	-0.81717	1	-20.0958	-1.37454
2.92989	-0.512848	-0.11211	-0.851128	1	-19.9778	-1.50819
0.140595	-0.430864	-0.00298528	-0.902412	1	-19.4367	-1.12411
1.38895	-0.585353	-0.101066	-0.804455	1	-20.4856	-1.72869
0.170656	-0.225263	-0.214579	-0.950375	1	-18.9475	-1.85596
0.211346	-0.658845	0.0421982	-0.751094	1	-20.3065	-0.962888
0.404631	-0.561541	0.273224	-0.781038	1	-20.1634	-0.133841
5.71969	-0.509342	-0.0321876	-0.859962	1	-19.8894	-1.42321
6.64723	-0.515197	-0.0255167	-0.856692	1	-19.9518	-1.42988
0.686124	-0.624041	-0.108697	-0.773794	1	-20.3984	-1.77441
1.2122	-0.558936	-0.05624	-0.827301	1	-20.146	-1.54291
6.43508	-0.524757	-0.0565046	-0.849375	1	-20.016	-1.48242
4.3441	-0.555627	-0.0488043	-0.829998	1	-20.0997	-1.45059
1.68786	-0.593223	-0.0254513	-0.804635	1	-20.2159	-1.45301
4.3428	-0.553707	-0.0227086	-0.832402	1	-20.0909	-1.40499
1.30488	-0.583298	-0.057803	-0.810199	1	-20.1874	-1.51547
0.783644	-0.616246	0.00330726	-0.787546	1	-20.2636	-1.41135
3.8863	-0.541751	-0.046725	-0.839239	1	-20.0261	-1.49203
0.0659403	-0.590145	0.228908	-0.774164	1	-20.2442	-1.0919
0.166972	-0.512029	-0.425461	-0.746196	1	-20.1559	-2.04712
0.128267	-0.33741	-0.191749	-0.921622	1	-19.7308	-1.4957
1.3339	-0.274862	-0.00625957	-0.961463	1	-19.5548	-1.38832
1.35188	-0.434318	0.0962857	-0.895599	1	-19.7693	-1.18763
12.1397	-0.523728	-0.0853199	-0.847602	1	-20.0367	-1.51643
1.55726	-0.543631	-0.0457858	-0.838074	1	-20.0338	-1.4544
0.296204	-0.507666	0.587422	-0.630246	1	-20.0743	-0.927228
0.57376	-0.74875	0.295158	-0.593511	1	-20.3626	-1.11467
0.287149	-0.597911	-0.175956	-0.782012	1	-20.1403	-1.46765
0.500839	-0.46642	-0.268672	-0.842774	1	-19.9721	-1.53921
4.0852	-0.508104	0.0881899	-0.856769	1	-20.0026	-1.3261
0.224697	-0.108893	-0.0956598	-0.98944	1	-19.7018	-1.44742
1.56085	-0.448139	0.0702489	-0.8912	1	-19.8974	-1.30957
0.192764	-0.385379	0.127324	-0.913932	1	-19.755	-1.20073
4.25764	-0.591411	0.0257754	-0.805958	1	-20.1334	-1.36874
15.3763	-0.542097	-0.0384889	-0.839434	1	-20.0405	-1.44404
33.6911	-0.536036	-0.0426965	-0.843115	1	-20.027	-1.45095
0.785059	-0.46801	-0.113385	-0.876419	1	-19.8657	-1.48192
1.24258	-0.457102	-0.121327	-0.8811	1	-19.8653	-1.542
0.664012	-0.47264	-0.102322	-0.875295	1	-19.9245	-1.56261
1.91462	-0.495638	-0.0513008	-0.867013	1	-19.8854	-1.50299
0.16192	-0.0891069	0.269426	-0.95889	1	-19.0832	-0.747314
0.626596	-0.257163	-0.0185839	-0.966189	1	-19.4863	-1.37534
0.936013	-0.530466	-0.213735	-0.820319	1	-19.9255	-1.9334
0.179439	-0.64494	-0.00929442	-0.764177	1	-20.1985	-1.4373
21.985	-0.543549	-0.0392764	-0.838458	1	-20.0565	-1.44068
8.60697	-0.56984	-0.0620719	-0.819408	1	-20.1675	-1.50242
5.18067	-0.54545	-0.0322192	-0.837524	1	-20.059	-1.41831
3.04123	-0.562673	-0.0666957	-0.823984	1	-20.1782	-1.47923
21.4217	-0.535373	-0.0453815	-0.843396	1	-20.0223	-1.45142
0.221737	-0.217925	-0.111275	-0.969601	1	-19.3069	-1.54289
1.2169	-0.659425	0.156297	-0.735343	1	-20.4426	-1.03388
0.926761	-0.514249	-0.180127	-0.838512	1	-19.997	-1.75347
15.0216	-0.523889	-0.0697237	-0.848928	1	-19.9968	-1.49058
5.70633	-0.502897	0.00470658	-0.864333	1	-19.9486	-1.37197
2.41313	-0.53684	-0.0495927	-0.842225	1	-20.0209	-1.46586
0.202196	-0.923743	-0.254276	-0.28643	1	-21.8364	-2.09223
0.193656	-0.236014	0.0860024	-0.967936	1	-19.8205	-1.68778
11.889	-0.531219	-0.0396049	-0.846309	1	-20.0082	-1.45327
51.888	-0.547203	-0.0430481	-0.835892	1	-20.0855	-1.46112
28.6821	-0.531258	-0.038038	-0.846356	1	-19.9983	-1.43669
14.6251	-0.532108	-0.0196263	-0.846449	1	-19.9963	-1.36393
17.6333	-0.524133	-0.0605046	-0.849485	1	-19.9486	-1.52822
2.02561	-0.598957	0.0967509	-0.794915	1	-20.4485	-0.913922
2.48889	-0.669014	-0.174484	-0.722479	1	-20.6811	-1.91784
0.531817	-0.682228	-0.0336241	-0.730366	1	-20.6044	-1.48399
1.65135	-0.570011	-0.0600129	-0.819443	1	-20.2261	-1.49279
0.98607	-0.589313	0.0807922	-0.803855	1	-20.2349	-1.0304
67.843	-0.532611	-0.0439886	-0.845216	1	-20.0071	-1.45672
0.521429	-0.586197	-0.0682682	-0.807287	1	-20.2102	-1.55663
0.370887	-0.47038	-0.152438	-0.869198	1	-19.8322	-1.75631
4.28495	-0.496122	0.00223956	-0.86825	1	-19.8896	-1.3495
0.597408	-0.849449	0.0797407	-0.52161	1	-21.5011	-1.09477
5.22338	-0.482431	0.0127058	-0.875842	1	-19.8916	-1.34863
1.04373	-0.423351	-0.218079	-0.879327	1	-19.7656	-1.71934
0.415847	-0.537144	0.0393107	-0.842574	1	-20.0226	-1.25659
1.84679	-0.441021	0.0452079	-0.896358	1	-19.7724	-1.25312
3.48408	-0.535176	-0.0774193	-0.841185	1	-20.0334	-1.55802
1.22077	-0.593582	-0.0979371	-0.798792	1	-20.3707	-1.79767
0.583128	-0.511813	-0.187714	-0.838338	1	-19.8353	-2.06571
30.5379	-0.534332	-0.0270388	-0.844842	1	-19.9349	-1.30281
12.3739	-0.543513	-0.0294064	-0.838885	1	-20.1023	-1.37151
0.762805	-0.657288	0.101804	-0.746732	1	-21.0831	-0.380468
1.0263	-0.450661	-0.0110869	-0.892626	1	-18.6597	-1.14226
0.832718	-0.497284	0.156924	-0.853278	1	-19.4636	0.275127
0.593967	-0.602564	-0.157875	-0.782299	1	-21.2469	-2.57127
1.09328	-0.556105	0.0757653	-0.827651	1	-20.3208	-0.634159
7.01047	-0.524316	-0.00947966	-0.851471	1	-19.8362	-1.13281
2.82783	-0.540901	0.00108466	-0.841086	1	-19.6159	-0.870075
2.79385	-0.517414	-0.191864	-0.833949	1	-20.0622	-2.84397
6.45075	-0.574395	-0.0411204	-0.817545	1	-20.3633	-1.56338
0.149228	-0.541212	0.0302428	-0.840342	1	-20.5466	-0.575057
0.142031	-0.418298	-0.608061	-0.674751	1	-19.6133	-2.69174
3.57554	-0.545315	0.0342039	-0.837533	1	-20.1553	-0.875312
0.17129	-0.562951	-0.19225	-0.80382	1	-20.7323	-2.34151
1.75049	-0.498692	-0.0550323	-0.865031	1	-19.8203	-1.50197
8.83523	-0.488833	-0.0814366	-0.868568	1	-19.4097	-1.82117
2.83268	-0.531732	0.0289657	-0.846417	1	-19.8701	-0.73708
19.5388	-0.524735	-0.0505543	-0.849763	1	-19.8489	-1.57654
37.9204	-0.524028	-0.0322797	-0.851089	1	-19.7666	-1.33297
1.07422	-0.244801	0.0156516	-0.969447	1	-16.7296	-1.08066
0.225863	-0.439447	0.0363616	-0.897532	1	-18.4292	-1.27032
21.3822	-0.547603	-0.0346397	-0.836021	1	-20.1798	-1.39918
3.2608	-0.490037	-0.0496357	-0.870287	1	-19.2163	-1.62941
1.02597	-0.482116	-0.215167	-0.849275	1	-19.6015	-3.21085
11.9634	-0.522042	-0.0454955	-0.851706	1	-19.7195	-1.55487
7.55225	-0.533278	-0.0389777	-0.845042	1	-20.0666	-1.48488
5.54416	-0.527983	-0.00810027	-0.849216	1	-19.9303	-0.976502
103.478	-0.541104	-0.0395403	-0.840026	1	-20.0922	-1.45659
4.9839	-0.544627	-0.0722431	-0.835561	1	-20.0618	-1.56154
25.9041	-0.536421	-0.0266264	-0.84353	1	-20.0183	-1.32728
18.0356	-0.540793	-0.0363988	-0.840368	1	-20.1019	-1.43456
1.85282	-0.603299	-0.0921778	-0.79217	1	-20.692	-1.49231
5.97829	-0.473367	-0.0217591	-0.880597	1	-19.5081	-1.19626
4.17297	-0.548983	-0.00283868	-0.835829	1	-20.0947	-1.09897
5.97672	-0.528694	-0.00521211	-0.848797	1	-19.9772	-1.13354
5.9583	-0.516748	-0.0916	-0.851223	1	-19.9027	-1.92833
2.32807	-0.539935	-0.102891	-0.835394	1	-20.0665	-1.98659
1.09259	-0.4931	0.196256	-0.847547	1	-19.4761	0.601146
29.3593	-0.539971	-0.0448378	-0.840489	1	-20.0399	-1.50609
10.1198	-0.545286	-0.0275051	-0.837798	1	-20.0614	-1.42201
2.58596	-0.632086	-0.103369	-0.767973	1	-21.6333	-2.38314
7.51006	-0.555959	-0.0385533	-0.830315	1	-20.1732	-1.59702
9.08002	-0.508726	-0.0691739	-0.858145	1	-19.425	-1.96918
7.71479	-0.486069	-0.034598	-0.873235	1	-19.2166	-1.39124
19.9459	-0.544216	-0.0483833	-0.837549	1	-20.1159	-1.56915
5.51039	-0.55504	0.00475763	-0.83181	1	-20.1919	-0.980507
1.88147	-0.923803	-0.123799	-0.3623	2	-73.3234	-8.65121
5.60394	-0.906564	-0.0940313	-0.411461	2	-71.4212	-9.04499
51.8523	-0.91328	-0.11888	-0.389598	2	-72.6182	-9.5041
12.5892	-0.92099	-0.117053	-0.371585	2	-75.4089	-9.59546
391.481	-0.909238	-0.114565	-0.400202	2	-71.2833	-9.02288
7.02322	-0.909084	-0.119791	-0.399019	2	-71.201	-9.16025
1.45215	-0.883892	-0.12719	-0.450064	2	-65.8077	-9.28223
40.9256	-0.910063	-0.114033	-0.398474	2	-71.1511	-9.04914
27.6755	-0.906983	-0.121239	-0.40334	2	-71.1823	-9.09125
266.012	-0.909431	-0.117594	-0.398882	2	-71.4162	-9.19333
28.787	-0.905641	-0.118668	-0.407101	2	-70.3298	-9.14078
