97.4821	-0.70066	-0.599007	-0.387642	0	-56.9076	-48.6491
37.1077	-0.692264	-0.610232	-0.385211	0	-56.7272	-49.7301
12.147	-0.765489	0.0894858	-0.637196	1	-38.1287	4.97078
0.805928	-0.302029	-0.5062	-0.8078	2	-9.74695	-17.4392
8.7323	-0.220553	-0.448929	-0.865921	2	-8.33454	-15.9213
1.66109	-0.297133	-0.425206	-0.854934	2	-10.1786	-16.322
0.25108	-0.151637	-0.256593	-0.95455	2	-7.84525	-13.2546
41.3958	-0.160014	-0.848513	-0.504403	3	-10.1852	-53.1328
0.866953	-0.0738887	-0.672278	-0.736603	3	-9.80355	-51.6616
1.13495	-0.357723	-0.856433	-0.372232	3	-11.1529	-54.015
95.6553	-0.161579	-0.847575	-0.505479	3	-10.0636	-52.8591
30.8043	-0.16352	-0.849547	-0.501528	3	-10.212	-53.2441
3.86647	0.501312	-0.721163	-0.478132	4	33.294	-45.4806
9.26102	0.569181	-0.696503	-0.43694	4	38.9175	-47.8654
27.8107	-0.509365	-0.807377	-0.297806	5	-53.7444	-84.6599
39.5041	-0.510018	-0.804305	-0.304918	5	-53.4382	-83.3865
1.87023	0.0433978	0.491018	-0.870068	7	3.57974	20.8657
5.68233	0.176066	0.567083	-0.804623	7	6.24375	22.4887
2.63544	-0.386048	0.416466	-0.823118	8	-13.646	17.6685
0.442934	-0.28357	0.496952	-0.820138	8	-13.3258	19.3609
2.29706	-0.39219	0.469352	-0.791136	8	-14.2327	18.7593
2.82988	-0.382313	0.492644	-0.781754	8	-14.2844	19.2485
1.43232	-0.334189	0.490824	-0.804618	8	-12.849	19.3893
14.0725	0.843724	0.238002	-0.481129	9	54.6585	15.0238
5.57977	0.844665	0.189392	-0.500671	9	53.4947	13.6122
7.49583	0.852887	0.21393	-0.476253	9	56.873	14.0196
3.99277	0.848321	0.222708	-0.480367	9	56.0803	14.8904
15.1147	0.844939	0.235963	-0.48	9	54.265	14.6816
50.2064	0.834544	0.225458	-0.502697	9	52.8263	14.1744
1.69696	-0.293551	-0.474189	-0.830044	10	-7.75974	-16.8445
6.52139	-0.174098	-0.496198	-0.850575	10	-5.2255	-17.6874
6.07705	-0.118688	-0.456894	-0.881568	10	-4.22261	-16.3556
0.22746	0.363183	0.335343	-0.869278	11	33.1503	16.8048
2.5682	0.723681	0.294267	-0.624253	11	38.3187	16.639
50.082	0.747262	0.335805	-0.573442	11	40.6443	18.2641
9.61755	0.764344	0.322059	-0.558619	11	41.6259	18.0323
11.7909	0.727667	0.369315	-0.57802	11	40.1443	19.608
23.8455	-0.610208	-0.229148	-0.758379	12	-26.0497	-9.33536
5.0211	0.970785	-0.120339	-0.207592	13	161.492	-17.1527
4.82587	0.75744	0.635887	-0.148095	14	157.289	133.709
1.07065	0.342268	0.721207	-0.602257	15	20.5421	35.7844
22.4226	0.34559	0.716819	-0.60559	15	18.3678	36.7317
31.0623	0.36821	0.706808	-0.604022	15	19.1118	36.3504
22.3541	0.376493	0.705408	-0.600543	15	19.5478	36.4003
7.86815	0.205055	-0.103871	-0.973223	17	6.11176	-3.77427
18.0831	0.191103	-0.128835	-0.973078	17	5.98843	-3.99382
1.05579	0.110968	-0.177941	-0.977764	17	5.45881	-4.21294
0.128	0.637001	0.14001	-0.758042	17	6.58873	-3.81595
1.10484	0.212742	-0.0921077	-0.972757	17	6.1487	-3.71533
5.86882	0.157629	-0.106752	-0.981711	17	5.64761	-3.77684
25.1442	-0.939499	-0.153131	-0.30642	18	-98.4898	-16.2545
34.2357	-0.943044	-0.159487	-0.291944	18	-101.174	-17.1593
14.6165	-0.943847	-0.172362	-0.281859	18	-101.343	-18.4009
27.7105	-0.94868	-0.145832	-0.280604	18	-102.942	-16.7423
1.9129	-0.921887	-0.190657	-0.337305	18	-101.351	-18.4265
2.96765	-0.242913	-0.319625	-0.915878	19	-7.39463	-12.1404
1.55882	-0.173864	-0.252922	-0.951736	19	-6.91893	-11.7613
7.55965	0.262398	0.648954	-0.714147	20	12.2229	28.7385
22.2884	0.273533	0.663146	-0.696719	20	12.3786	29.2561
0.584941	0.316855	0.616922	-0.720424	20	11.8503	27.8087
13.2789	0.30857	0.603565	-0.735183	20	13.0764	26.7292
2.33945	-0.576078	-0.177404	-0.797911	22	-22.0468	-6.65203
1.38418	-0.516617	-0.200126	-0.8325	22	-21.5513	-7.25501
52.5616	-0.569361	-0.181644	-0.801769	22	-22.2287	-7.05078
